7 
100 3.5386220000 3.5329750000 3.5578010000 3.5279010000 3.5247240000 3.5264490000 3.5217860000 
150 6.8320710000 6.8369540000 6.8414730000 6.8583570000 6.8666800000 6.8678520000 6.8595680000 
200 11.0364740000 11.1084290000 11.0002350000 11.0231870000 11.1218440000 11.0751830000 11.0507050000 
250 15.4506250000 15.3454300000 15.3374210000 15.3779280000 15.4183850000 15.4488050000 15.3938460000 
300 21.5937230000 21.7030130000 22.2331880000 21.3954490000 21.5513270000 21.5054820000 21.4676960000 
350 28.1460980000 28.1544800000 28.1120940000 28.0380160000 28.2067860000 27.9526060000 28.1130790000 
400 35.2320410000 35.1143260000 35.2634760000 35.2731000000 35.1336350000 35.2377520000 35.2829240000 
450 43.3719120000 43.1695060000 43.1402830000 43.3839890000 43.0682670000 43.0900830000 43.3665820000 
500 52.4704240000 52.5353910000 52.4916380000 52.4525810000 52.7902340000 52.6616630000 52.6443180000 
550 62.5308880000 62.7859320000 63.3845890000 62.8855030000 63.0521550000 63.0768280000 63.2324420000 
600 73.6827900000 73.6723490000 74.3164460000 73.8524760000 74.2203020000 74.0236810000 73.8848680000 
