7 
1000 7 
100 1.4316690000 1.4074190000 1.3956770000 1.4041590000 1.4152020000 1.4104320000 1.4089930000 
150 4.5465350000 4.5423500000 4.5330000000 4.5149800000 4.5208510000 4.5281310000 4.5269570000 
200 8.8918330000 8.8842540000 8.8892510000 8.8917930000 8.8646090000 8.8626780000 8.8841070000 
250 14.8548970000 14.5815720000 14.5789680000 14.6341560000 14.5956070000 14.7184020000 14.5351250000 
300 21.6024860000 21.4721610000 21.6121130000 21.4575700000 22.2912720000 21.5953820000 21.4658040000 
350 30.3800270000 30.3025790000 30.6385540000 30.4692510000 30.4755170000 30.3368320000 30.4427550000 
400 40.3566920000 41.0041330000 40.2485670000 40.0318400000 40.0812020000 40.2475700000 40.3677430000 
450 51.6845310000 52.8235670000 51.5457580000 51.9048830000 51.6299050000 51.5312190000 51.4996120000 
500 64.6088320000 64.4965540000 64.3926170000 64.1881580000 64.6235730000 64.3372390000 65.3607490000 
550 79.0200750000 78.6199400000 78.5798760000 78.8949100000 78.9220010000 79.3772090000 79.6349040000 
600 94.2679350000 94.3281060000 95.1591380000 94.2070720000 94.1055390000 94.1195860000 94.7568480000 
