100 3599
30 35 54
30 54 61
54 59 62
59 10 30
10 44 1
10 47 64
35 98 38
54 48 78
10 70 82
70 49 94
70 17 49
59 91 47
17 14 5
47 93 56
10 77 41
91 5 48
5 99 59
47 15 56
91 46 99
44 50 28
48 2 63
91 34 56
93 74 42
10 64 36
54 11 52
77 45 14
10 66 7
64 42 20
2 21 53
2 40 28
35 12 57
21 51 2
11 69 38
51 19 77
69 78 70
74 55 44
48 4 48
5 27 11
64 52 72
5 63 43
17 87 84
63 84 24
49 6 6
10 43 37
48 9 83
14 3 96
44 53 5
42 8 6
84 58 30
55 72 25
8 80 68
4 18 76
74 7 42
69 67 43
66 88 92
9 31 4
58 25 68
99 86 33
31 1 16
9 57 67
34 90 30
67 28 71
14 38 32
46 65 4
64 95 51
55 97 13
31 85 62
5 22 45
21 89 66
53 16 1
21 75 90
85 41 55
87 79 16
44 20 83
35 24 40
30 94 59
66 96 35
55 68 10
74 32 7
52 56 9
17 60 90
17 81 59
27 76 88
24 73 91
81 29 6
12 26 42
25 83 32
9 23 68
38 0 96
30 37 84
21 62 10
15 39 2
87 92 40
99 82 46
81 33 21
66 13 4
21 36 45
85 71 5
30 61 65
55 37 83
65 72 95
68 1 98
65 99 65
54 49 71
69 89 14
41 92 75
90 94 71
32 25 25
86 11 65
60 4 88
89 25 74
27 6 60
40 10 74
92 73 68
95 79 9
95 85 21
76 45 21
71 36 40
8 79 67
33 42 100
89 5 24
14 13 74
19 86 96
66 70 56
48 60 35
57 3 47
87 93 37
4 36 41
48 26 7
84 10 71
77 50 10
65 45 50
31 6 16
51 82 81
52 50 79
27 53 9
42 43 57
68 31 35
69 85 8
25 5 92
41 61 21
15 48 46
70 37 46
30 71 74
38 46 75
77 65 83
71 44 66
18 40 3
41 63 67
18 43 48
38 89 68
21 48 19
20 52 40
4 73 85
83 97 51
12 13 79
2 47 40
14 28 21
59 58 48
3 0 78
86 17 55
69 83 47
79 55 75
75 66 19
70 54 68
11 98 42
71 90 45
24 94 85
16 49 41
88 49 72
34 26 65
5 66 81
99 0 41
95 38 42
22 50 32
33 19 87
80 72 54
67 41 20
84 9 88
14 74 23
86 34 75
21 6 82
94 89 11
99 98 29
95 28 12
15 75 24
30 3 58
88 61 67
10 30 95
75 99 92
23 34 59
85 77 65
86 54 20
32 69 77
83 51 46
92 19 54
52 75 58
15 65 16
49 9 26
45 60 98
42 49 95
21 15 7
57 54 53
22 1 6
15 62 2
79 39 2
18 46 58
12 77 68
48 70 47
49 24 84
27 94 90
8 71 51
47 23 33
28 84 2
85 55 73
90 88 58
98 33 57
78 61 85
14 2 15
53 68 31
26 36 3
16 36 88
17 75 39
37 52 21
90 0 9
86 25 14
95 81 39
84 50 5
46 44 52
91 38 28
89 32 20
38 82 63
11 15 11
5 68 92
72 25 84
72 57 49
51 67 25
13 22 98
91 88 95
81 31 52
33 57 88
86 69 47
74 22 33
77 34 39
13 64 96
5 62 43
9 33 66
53 56 52
92 10 39
7 20 64
93 50 68
19 0 38
0 47 9
0 88 68
41 26 65
63 9 68
40 22 71
40 84 47
87 45 81
64 9 64
74 64 2
85 10 76
61 70 2
13 55 20
73 10 58
91 66 46
54 64 16
2 69 25
32 6 10
16 95 95
51 28 2
31 89 32
18 6 19
28 97 37
72 92 92
83 13 41
27 43 29
29 97 2
65 25 88
12 18 3
8 37 72
59 37 94
58 4 89
29 3 12
90 12 23
58 9 85
79 74 60
16 24 83
18 60 42
35 46 81
28 61 40
54 95 27
49 58 29
16 32 72
93 77 30
59 2 44
4 47 39
56 31 55
31 82 20
34 63 53
37 92 34
99 97 71
96 77 19
79 75 77
65 18 47
53 85 47
85 90 72
10 61 62
39 18 82
43 7 12
99 4 78
69 97 63
37 44 88
65 5 87
84 69 56
91 84 66
86 80 89
31 69 66
32 60 65
81 3 94
57 98 70
51 61 49
74 28 55
91 4 99
59 28 70
43 40 97
26 71 60
84 71 100
29 49 16
47 75 54
28 3 83
86 15 34
38 56 17
27 78 26
71 70 57
97 88 71
91 29 4
46 64 72
63 60 10
86 48 24
15 5 34
66 36 84
63 96 59
30 87 53
94 23 83
61 34 94
54 31 40
96 71 82
80 35 81
16 17 1
21 14 50
10 82 32
50 53 19
38 11 38
39 98 82
70 62 21
57 77 62
2 44 14
40 4 94
39 7 67
68 82 27
1 66 55
48 99 61
52 63 56
66 87 17
88 72 84
89 51 96
34 71 50
34 18 6
88 10 81
15 32 18
46 23 63
70 95 38
55 6 6
55 26 58
16 40 2
85 81 95
31 40 54
40 58 92
5 81 35
95 82 46
7 82 43
81 92 28
96 55 8
83 92 50
96 34 4
33 22 37
19 50 70
33 82 75
52 73 73
29 93 97
37 69 29
56 37 61
8 26 70
99 49 16
93 85 74
59 32 12
36 25 29
19 31 94
79 46 16
64 16 55
99 81 7
13 42 21
9 74 20
24 54 92
66 6 84
22 31 71
51 42 50
71 46 77
30 17 2
78 16 15
48 78 74
39 58 93
22 98 16
22 93 84
28 58 44
18 53 100
46 4 20
65 63 68
2 90 94
11 74 9
99 59 31
36 73 11
88 28 42
61 42 33
96 89 15
22 75 70
59 17 57
45 49 77
64 59 72
28 42 56
36 58 62
72 48 34
18 41 81
30 4 98
88 78 57
15 56 82
7 44 36
83 16 100
90 61 45
28 82 7
71 29 67
48 68 56
94 39 40
85 3 56
77 75 61
44 4 5
35 85 90
13 6 61
86 30 79
17 76 66
66 93 1
2 54 57
46 11 90
35 56 79
79 69 97
13 27 26
41 16 16
45 17 71
82 41 3
37 63 5
29 4 28
93 56 77
7 45 57
78 98 23
82 55 15
4 89 49
8 9 73
64 31 43
14 34 44
43 25 4
32 90 9
41 17 46
68 96 58
51 52 90
23 20 33
0 25 15
24 84 7
26 33 42
37 16 17
72 81 76
95 27 12
63 28 29
9 30 95
53 49 5
92 45 17
81 54 62
89 45 56
4 33 82
66 54 70
91 1 38
25 60 69
62 3 26
52 48 94
33 74 65
60 54 98
3 55 7
21 86 3
71 49 72
16 52 86
36 97 21
33 85 58
61 17 84
6 80 43
5 84 6
19 38 65
21 97 47
38 27 33
49 65 42
1 88 98
15 74 85
10 17 94
40 93 96
61 15 11
43 44 5
94 14 59
69 74 5
25 6 94
83 20 50
38 61 2
20 85 93
29 46 87
9 88 30
68 39 90
10 62 37
98 5 33
53 71 68
51 44 8
81 2 39
93 7 42
47 46 76
26 80 86
25 15 40
82 60 17
35 31 20
82 20 42
78 36 87
99 76 64
17 22 78
24 8 39
57 10 98
43 24 71
70 96 70
76 4 13
18 57 66
8 73 29
9 40 54
81 83 81
42 50 77
33 6 6
92 64 18
44 21 14
98 30 24
43 0 11
81 39 65
17 15 21
72 75 65
70 74 22
1 84 87
99 36 70
75 67 93
40 14 13
82 71 42
27 67 78
75 80 14
45 8 15
35 95 22
24 85 9
27 80 68
95 98 80
60 14 81
31 42 43
8 57 69
68 90 47
81 8 90
59 18 87
6 12 7
7 90 38
44 56 59
61 27 90
76 52 55
20 95 90
10 23 53
95 60 62
74 21 19
67 37 30
8 60 80
56 0 22
28 0 29
90 92 85
90 58 81
10 80 87
73 9 47
92 62 61
0 6 6
11 96 49
97 3 77
49 76 12
77 0 83
3 4 80
64 50 47
32 72 98
42 32 81
80 76 36
13 62 94
58 22 34
90 16 72
27 50 72
8 72 57
23 75 60
55 91 61
60 19 22
38 54 34
20 26 25
97 85 33
28 92 46
44 57 81
79 30 82
91 17 2
56 90 29
90 75 7
21 80 12
88 40 39
23 96 25
67 73 1
89 60 14
32 57 10
41 57 100
0 50 24
29 87 80
18 45 13
66 63 92
43 5 4
86 74 41
56 74 71
44 1 53
62 37 23
73 90 22
73 65 78
83 8 100
24 96 57
99 30 5
59 70 25
81 69 58
63 99 9
91 53 57
90 80 96
30 58 2
75 10 9
83 70 79
58 34 60
32 10 72
48 69 74
77 37 74
84 26 95
91 76 88
9 85 99
57 65 48
12 47 8
54 72 23
86 26 19
81 91 53
29 53 96
46 81 35
29 66 89
18 96 36
23 73 90
40 52 90
95 33 57
33 11 6
44 22 92
30 46 33
38 44 87
44 85 50
66 79 81
45 46 78
26 1 88
85 78 73
2 72 6
92 15 22
45 75 59
13 57 77
67 31 44
3 90 29
25 3 66
64 37 19
27 66 61
65 75 58
80 42 70
19 26 76
31 52 67
45 48 45
15 52 65
91 11 49
56 6 47
15 82 28
16 58 75
40 12 73
24 38 24
66 69 2
33 16 90
12 34 62
50 6 23
46 95 50
89 81 36
78 49 14
10 38 74
43 14 8
23 70 85
47 31 22
33 50 38
38 51 31
80 24 61
83 95 38
91 95 30
40 47 40
20 4 30
68 70 49
10 79 31
95 76 53
45 40 41
58 80 97
95 47 54
4 95 61
87 75 64
23 11 53
42 9 14
85 23 52
75 91 89
1 9 61
5 92 34
92 26 82
56 22 62
67 50 75
74 27 83
70 29 100
43 99 93
7 38 36
42 90 76
12 61 79
7 31 14
17 37 50
86 7 84
27 56 23
49 15 95
74 25 28
80 79 25
11 42 8
5 46 34
27 59 89
93 92 98
2 52 91
71 81 97
96 4 64
47 33 1
78 40 72
32 70 80
21 42 76
42 46 80
38 77 1
47 91 64
9 59 56
93 31 80
89 90 41
62 1 90
57 61 78
76 14 62
63 67 5
59 13 69
17 57 100
55 34 46
79 71 100
4 26 60
63 90 34
54 51 4
29 88 97
61 44 17
34 4 37
47 96 37
72 42 39
41 78 44
45 10 50
26 83 1
85 39 16
12 81 77
12 33 55
83 22 9
45 22 83
25 92 3
75 70 61
90 70 2
15 93 86
80 16 63
5 56 28
51 5 5
28 4 32
13 52 19
66 34 8
50 49 78
97 75 62
69 15 91
82 46 83
93 69 1
55 33 5
79 42 64
25 91 61
32 36 62
8 21 30
2 39 73
90 47 36
88 55 19
0 63 52
34 64 98
18 30 15
10 87 19
99 89 69
74 71 16
33 48 59
9 5 85
35 49 36
74 53 50
63 92 94
78 12 32
57 38 68
33 5 92
3 42 5
63 26 80
73 93 90
22 46 40
22 63 54
86 44 88
51 46 89
63 59 80
56 72 94
27 90 8
10 76 95
59 38 100
14 31 90
11 63 47
3 74 98
26 53 28
0 60 71
94 6 27
16 56 63
76 5 60
18 24 90
86 4 11
63 25 48
32 3 62
31 20 3
40 34 11
46 3 49
49 14 6
98 50 21
73 55 5
69 95 35
24 28 29
39 19 100
55 23 95
25 16 73
43 28 44
95 84 59
43 15 25
99 90 6
55 69 17
92 82 27
52 38 64
3 54 84
90 33 38
21 28 99
42 93 73
72 59 11
24 72 8
50 89 63
95 88 33
90 64 63
19 25 67
30 67 11
36 22 67
58 8 4
9 87 71
67 78 95
78 72 47
6 74 17
10 28 29
97 59 85
50 46 28
5 35 33
46 7 84
30 39 83
28 5 8
12 48 40
15 16 61
97 80 40
87 42 30
27 34 14
98 41 39
66 84 26
50 18 65
29 95 42
74 1 86
76 16 17
98 21 83
14 56 97
79 84 37
71 5 37
7 6 54
32 19 92
80 87 85
92 21 31
36 89 63
89 34 5
95 92 78
88 48 62
16 20 28
35 17 88
85 42 45
55 5 6
54 75 66
13 78 7
38 9 76
78 64 66
66 67 82
72 64 81
25 56 62
56 82 73
71 72 35
63 16 48
31 33 3
87 1 27
16 14 29
98 86 81
15 66 94
57 15 1
86 46 3
43 33 89
33 20 81
17 58 20
19 34 52
83 75 98
97 65 82
13 26 20
97 27 11
31 37 87
20 46 24
35 3 60
2 15 17
9 28 94
83 77 74
99 79 2
87 36 28
70 44 43
98 29 55
27 86 77
54 42 87
38 69 91
61 8 94
16 30 90
50 47 75
6 14 46
95 62 77
94 56 56
18 85 31
61 68 93
21 24 95
46 55 87
95 23 19
43 30 40
90 46 17
49 10 72
84 51 82
43 22 3
91 13 59
50 13 91
79 38 50
12 50 34
23 83 80
88 15 49
91 3 90
8 35 55
65 52 7
51 39 64
39 73 21
93 83 73
46 60 74
91 51 48
57 16 15
61 5 39
20 40 52
70 50 2
65 9 27
85 29 98
84 89 65
66 62 21
51 76 5
46 25 19
98 65 73
94 83 60
62 44 43
17 0 11
58 70 84
78 52 94
39 9 20
82 70 88
21 90 45
68 64 8
59 78 63
7 28 78
19 10 25
97 6 6
99 1 92
41 89 45
50 28 22
24 44 30
51 43 78
67 22 52
83 32 8
87 97 11
87 53 58
53 0 93
29 14 49
26 38 78
2 62 75
29 9 66
40 63 55
83 53 52
20 9 64
23 40 74
26 51 90
73 16 15
99 60 75
29 45 74
80 82 52
42 37 92
35 60 75
59 20 54
56 24 79
85 12 11
39 25 99
3 64 66
48 53 63
6 17 51
99 50 46
64 11 14
28 30 21
9 19 33
32 86 14
65 41 61
87 72 68
38 93 1
35 50 62
77 59 92
34 69 78
28 86 68
59 42 92
92 29 22
29 50 93
47 86 77
13 36 100
10 41 80
27 45 83
16 28 80
7 3 85
31 73 97
35 68 38
28 57 60
84 25 29
74 96 53
36 9 22
1 27 59
55 21 38
68 65 68
92 80 60
88 73 56
55 53 85
75 25 26
31 62 60
7 19 15
47 43 64
62 75 62
30 68 44
99 67 60
63 4 38
17 53 26
4 15 86
92 61 23
43 29 94
1 19 97
77 27 59
47 54 27
29 39 31
93 79 56
84 29 95
20 72 56
47 99 83
13 87 97
75 69 27
70 45 81
55 28 99
94 74 48
17 90 85
84 17 26
91 36 51
61 89 30
63 50 20
19 71 90
68 79 45
87 57 55
47 70 94
27 20 57
3 26 89
84 0 89
11 10 10
77 16 46
88 63 14
82 65 30
56 60 96
56 17 25
52 74 98
58 64 84
52 22 35
99 80 87
34 95 80
1 39 77
94 58 99
26 49 63
74 54 28
44 33 42
9 66 20
83 91 52
76 67 41
88 87 51
5 47 87
69 73 100
63 86 76
70 76 57
75 58 88
2 58 92
25 85 95
91 18 85
15 89 10
67 80 73
95 12 10
65 85 50
33 60 39
53 45 27
33 97 4
45 66 90
97 41 51
41 99 56
78 46 38
44 81 60
93 18 86
79 59 17
33 41 86
99 31 87
61 71 57
17 96 96
5 2 76
27 62 10
19 77 80
59 24 20
83 1 13
60 30 56
81 42 11
46 70 95
82 84 48
29 79 31
57 74 91
76 9 22
22 86 89
85 72 50
76 85 35
0 29 97
49 48 42
50 69 30
57 68 48
55 19 77
8 76 50
53 24 66
61 84 84
48 41 91
93 51 12
68 76 2
75 16 63
26 30 89
79 64 20
95 48 53
51 57 12
19 4 9
36 68 56
75 73 77
8 41 16
41 32 42
76 97 54
93 20 93
15 76 21
35 57 44
0 76 1
60 24 52
12 38 100
48 93 93
41 51 69
64 69 37
77 86 12
1 30 5
70 79 4
47 71 99
31 32 94
66 89 99
0 94 10
2 12 45
89 54 63
77 46 54
54 71 84
94 2 33
9 18 20
50 24 89
35 16 89
52 54 53
59 15 74
45 28 12
99 55 9
4 98 48
88 30 16
57 2 48
63 87 72
23 93 47
97 70 60
48 97 58
30 80 62
21 61 99
87 16 69
57 5 39
95 14 77
65 39 1
0 2 41
38 71 33
21 33 41
3 20 41
72 98 96
27 64 20
42 22 27
74 73 31
37 88 99
95 44 85
15 91 13
20 55 43
60 34 48
41 21 8
40 95 21
62 99 96
69 45 22
21 76 28
10 27 22
28 33 48
10 15 58
10 42 100
44 80 50
27 32 91
41 60 67
37 2 74
27 87 92
61 60 78
36 19 53
17 25 52
57 78 69
25 44 76
96 62 97
35 20 42
10 93 81
73 97 81
60 81 53
89 65 73
78 87 70
95 87 66
84 2 50
92 8 96
74 99 29
62 35 68
11 59 70
39 0 65
13 99 15
71 48 71
29 90 59
62 25 79
28 72 7
38 16 15
81 9 3
68 59 40
69 35 27
59 34 66
48 64 1
66 26 56
0 15 80
8 69 46
38 85 92
64 23 77
8 96 57
28 78 88
8 25 56
77 1 95
80 73 64
28 32 19
34 85 84
6 38 39
61 58 94
28 29 12
55 62 28
4 70 6
82 16 92
95 66 31
63 46 18
7 27 16
10 21 58
61 97 31
68 3 17
11 20 69
24 90 30
20 67 45
56 85 100
94 13 23
56 29 36
96 19 33
53 94 23
96 81 22
0 66 61
7 49 15
74 97 80
25 21 29
16 98 52
61 26 18
1 55 90
85 16 77
0 13 10
39 69 14
77 62 36
18 61 95
44 39 55
12 43 62
68 15 65
92 66 57
89 18 99
75 81 35
50 88 11
89 1 11
39 97 83
86 49 30
86 16 32
1 93 20
76 81 41
46 66 50
24 71 77
46 61 64
44 94 6
78 76 39
12 32 35
28 53 33
67 2 7
59 89 91
60 13 52
49 82 77
30 52 91
7 18 15
1 34 50
62 54 11
56 67 24
22 7 56
40 80 53
42 27 90
32 47 41
83 89 58
1 25 65
65 24 35
67 94 99
50 65 7
95 39 47
25 59 81
95 86 8
4 10 74
23 24 95
37 65 59
23 99 38
55 58 44
55 12 74
99 68 66
33 89 63
14 72 11
48 38 64
68 78 71
99 29 99
12 45 11
17 93 38
54 12 96
71 64 84
66 74 74
12 41 15
78 45 12
81 80 14
34 65 13
12 80 70
39 91 44
63 35 41
69 10 57
82 6 57
19 88 28
30 11 50
88 44 2
63 7 18
6 10 98
27 18 97
88 80 16
89 17 36
93 76 12
7 69 17
88 64 29
38 43 37
74 85 21
84 93 43
8 75 49
98 60 25
83 36 20
38 5 73
73 6 10
98 27 94
80 33 96
21 69 93
98 80 24
51 65 96
22 19 25
92 94 8
6 99 37
34 38 38
79 18 32
93 60 45
44 91 76
13 85 99
11 75 77
77 18 95
63 8 6
64 84 50
97 68 98
17 97 22
30 89 95
88 16 4
17 98 9
1 24 16
51 3 18
55 77 90
7 41 79
76 57 63
35 66 50
98 18 31
33 34 18
9 55 74
67 61 20
0 4 52
61 24 75
18 97 43
6 89 99
35 29 5
89 98 94
45 56 81
70 21 56
38 42 47
72 76 59
64 65 37
76 98 73
10 74 80
64 53 9
18 80 88
86 83 13
43 48 36
42 65 49
16 81 59
0 82 33
57 25 49
14 0 5
39 82 67
56 88 100
21 43 26
62 50 29
35 91 94
9 22 94
31 53 83
18 25 3
58 44 67
25 22 56
81 40 84
32 33 10
78 39 20
7 96 30
62 73 9
85 49 31
77 63 52
51 60 97
2 63 16
93 36 33
61 66 95
80 95 12
15 6 65
24 29 59
22 27 74
20 21 95
67 46 96
75 7 99
65 95 19
97 96 68
32 0 33
94 45 50
83 28 92
91 92 92
40 29 45
52 97 65
0 71 28
16 54 46
14 42 51
22 89 93
26 10 86
69 56 87
4 42 31
17 20 92
48 76 40
91 82 23
37 36 36
14 23 26
84 85 2
84 77 84
7 54 94
94 77 76
75 29 64
15 81 96
27 68 57
28 31 96
63 24 17
41 34 23
90 43 38
19 63 22
61 19 96
56 64 53
96 76 95
31 41 55
53 72 87
97 44 23
16 19 90
39 89 86
37 3 94
75 41 24
86 76 72
64 39 86
95 96 60
74 30 71
1 6 54
10 97 3
66 30 83
2 98 4
90 37 5
83 11 3
43 77 6
38 45 67
14 87 33
2 99 35
37 54 6
62 71 54
95 3 13
30 14 56
84 57 13
48 81 24
15 29 58
8 18 76
41 38 22
88 43 51
40 79 74
20 80 26
46 0 35
20 37 51
92 38 58
6 46 44
77 36 64
29 16 20
67 35 32
89 35 49
99 70 89
49 57 42
78 53 70
55 43 9
55 31 32
33 25 70
68 12 28
96 56 49
50 45 14
78 21 30
51 88 1
89 86 81
3 80 34
6 63 19
27 14 40
81 88 69
70 60 59
20 60 57
4 71 86
17 48 33
59 29 83
56 23 11
78 38 14
72 70 37
84 48 70
80 28 17
19 72 44
76 22 43
93 0 24
87 48 43
2 46 5
82 52 87
22 47 19
20 0 82
48 22 37
61 63 41
36 14 58
94 10 8
27 71 38
30 36 55
76 71 40
2 29 25
69 63 27
98 47 60
51 34 2
71 20 86
20 63 55
8 32 7
38 4 53
60 1 13
50 41 66
92 33 72
99 20 91
12 71 71
81 4 27
15 30 78
63 89 5
0 31 100
20 90 28
95 30 41
81 50 6
76 34 80
23 0 88
47 69 10
20 81 49
65 11 50
23 67 71
7 4 30
33 93 13
46 73 80
65 17 40
4 23 16
77 73 60
51 20 24
32 1 87
60 92 19
41 69 99
85 11 29
90 67 86
58 67 41
27 35 77
89 40 95
8 34 80
34 37 99
51 33 16
83 48 11
42 19 100
1 18 77
14 10 55
59 75 54
47 85 62
12 37 87
96 84 85
93 25 25
29 68 18
57 53 39
39 24 14
9 68 38
73 27 87
49 83 19
43 94 12
24 5 67
32 79 50
21 65 99
0 87 22
55 32 39
42 1 45
46 37 52
7 29 66
50 56 74
99 46 87
79 91 56
50 3 66
61 95 3
68 0 77
40 97 87
11 3 68
62 69 54
69 20 32
18 58 71
89 77 55
24 89 16
39 28 15
72 91 21
49 38 43
29 12 63
36 51 32
8 84 93
41 79 82
49 61 5
57 24 86
62 22 28
34 84 15
20 97 88
68 56 15
29 54 73
43 3 46
9 78 35
74 62 5
56 43 55
61 76 11
85 79 62
68 86 54
37 1 5
3 15 71
22 49 94
58 47 70
16 22 42
32 30 44
17 40 15
1 14 98
13 82 31
37 43 81
22 60 77
93 43 5
24 19 78
81 84 64
86 62 57
85 30 24
24 15 92
59 92 86
59 12 21
13 35 31
2 80 32
78 82 89
57 81 21
34 56 70
83 4 34
66 38 21
57 34 42
11 25 43
96 31 28
14 83 94
67 85 9
57 90 67
58 15 17
22 68 95
7 70 26
3 18 3
22 4 37
68 98 100
52 72 26
59 31 82
78 70 79
62 88 74
31 10 61
43 63 32
49 72 38
30 91 84
80 61 36
81 30 66
54 79 72
92 4 34
61 85 83
85 22 26
67 44 97
13 84 32
0 73 90
85 91 48
90 28 52
52 28 50
85 59 28
51 8 17
61 1 58
69 65 78
76 55 17
49 55 29
51 70 15
61 62 72
99 88 80
70 11 12
15 23 49
96 0 67
50 75 71
0 34 11
17 3 9
16 92 52
5 96 29
26 56 71
31 15 76
12 57 12
8 12 71
54 27 43
96 78 47
23 59 16
86 31 9
51 86 69
72 84 54
37 99 50
50 25 64
65 91 16
67 57 41
50 37 72
35 38 35
46 8 11
77 54 27
84 44 43
67 86 63
82 73 61
49 79 43
72 90 57
46 97 16
24 83 1
47 59 10
59 50 87
1 72 58
4 35 50
24 58 77
99 85 84
20 73 69
38 33 14
19 99 17
19 14 15
7 40 92
17 73 44
77 28 29
2 65 28
98 3 72
23 48 81
52 5 73
70 52 43
17 4 12
99 51 54
93 68 88
17 85 92
15 45 61
72 44 65
45 16 95
27 16 61
35 45 82
32 26 94
49 80 82
17 36 48
79 19 88
88 65 1
31 80 79
71 52 23
60 88 40
95 97 95
70 55 18
40 28 4
92 40 99
3 70 42
71 42 10
1 21 100
54 33 100
4 21 38
50 34 33
40 49 40
18 68 68
78 14 2
85 4 84
29 74 19
32 7 49
71 97 43
96 58 71
75 36 76
11 7 95
90 96 47
47 84 39
82 86 90
49 2 57
59 43 35
14 35 85
74 78 96
77 95 73
48 46 82
57 23 20
13 90 63
65 83 10
76 40 24
66 51 9
14 66 84
55 2 53
5 93 74
83 62 36
24 11 56
45 63 93
56 83 62
18 20 72
78 8 28
52 19 45
76 23 75
8 97 6
62 93 55
54 78 32
11 72 96
96 94 10
17 44 2
64 4 57
23 25 59
3 31 16
21 45 93
82 2 53
4 12 30
54 32 83
47 61 39
39 23 59
77 82 28
19 70 60
36 57 4
69 72 8
33 29 32
63 80 21
97 15 64
72 41 84
8 44 23
25 68 74
4 80 30
10 51 60
23 33 85
3 16 100
53 25 83
36 61 31
39 11 24
27 83 39
76 65 12
50 55 94
17 50 9
40 77 48
94 98 71
62 7 70
30 27 27
46 34 29
21 72 26
3 47 92
26 78 53
26 95 10
67 38 87
22 14 94
6 11 73
97 51 3
74 0 34
73 11 31
42 47 2
95 67 71
14 18 73
12 62 39
35 41 86
23 18 42
91 23 87
10 98 79
47 9 15
40 64 63
78 79 88
20 92 32
98 7 49
57 26 94
33 65 31
20 13 45
31 38 88
70 16 13
33 18 61
57 21 96
94 38 79
94 29 75
70 85 58
40 25 23
42 55 34
74 82 67
70 87 13
19 58 38
2 32 4
93 55 12
0 26 15
79 48 68
34 93 91
15 83 79
61 2 80
7 95 43
25 48 83
0 7 65
39 59 38
43 19 74
85 62 13
13 97 28
36 34 36
11 67 82
41 90 1
99 42 25
0 10 83
55 94 64
13 70 91
6 79 31
38 96 47
54 44 95
59 53 4
90 69 35
49 39 17
33 87 22
56 65 86
19 29 41
66 80 3
42 5 96
54 50 71
63 70 58
45 51 60
77 42 77
59 36 5
81 1 17
18 67 56
40 24 74
6 42 39
96 16 49
60 49 14
48 77 97
81 13 79
12 44 93
49 77 24
4 68 57
47 97 9
93 4 16
28 69 79
61 54 99
58 73 39
11 60 46
65 31 86
35 97 49
65 67 90
13 7 2
58 31 23
82 21 52
44 52 58
61 29 33
97 31 46
30 42 63
24 47 67
90 74 25
17 69 100
92 85 92
46 96 24
74 4 61
22 55 76
22 80 78
55 86 12
53 92 99
8 4 55
30 78 80
29 63 72
4 6 1
14 99 73
68 54 5
19 53 67
13 32 35
70 98 89
91 89 36
25 41 18
6 65 13
39 37 66
8 52 72
14 24 48
84 55 33
20 87 58
18 62 79
72 40 17
17 54 41
57 85 7
41 94 23
95 31 52
41 56 42
34 9 5
28 48 83
94 26 21
85 26 58
72 17 16
13 41 57
14 8 23
94 85 100
15 98 73
14 85 70
72 18 72
60 10 32
33 3 42
2 75 27
73 50 79
82 27 90
20 43 36
64 89 75
46 41 47
5 54 11
88 23 50
54 25 57
37 66 18
50 72 97
83 30 64
4 62 36
74 83 21
1 80 34
93 46 55
34 62 80
54 58 84
39 36 36
24 13 40
78 15 70
46 26 47
29 1 97
0 24 4
35 77 1
36 92 5
60 47 90
48 18 79
91 78 86
85 48 23
61 4 91
91 58 30
30 13 18
87 59 32
2 89 88
87 39 64
35 0 83
72 10 90
27 72 88
22 39 7
62 43 44
10 39 17
77 69 95
91 64 73
1 63 41
57 94 87
94 59 1
69 40 90
8 54 38
81 41 73
98 45 66
12 14 7
19 45 96
35 61 49
82 53 86
83 29 66
96 30 59
15 13 22
97 4 97
28 6 16
59 35 57
1 71 77
79 45 97
87 51 45
37 23 14
1 95 5
56 62 38
34 88 36
92 76 31
7 57 8
64 60 100
48 8 79
48 6 73
32 80 68
99 17 53
60 84 87
39 3 14
83 38 94
5 74 60
42 48 98
79 15 100
1 48 100
91 49 78
67 10 18
9 98 73
81 19 87
27 12 50
42 89 64
8 39 75
70 34 96
84 52 32
49 73 20
4 49 46
16 47 16
94 37 29
50 97 96
16 1 99
36 60 43
5 53 14
91 40 7
37 22 74
34 97 40
62 63 92
24 45 94
15 9 17
43 36 3
0 54 76
84 37 54
21 34 85
52 53 70
24 41 93
90 87 22
23 84 58
57 93 10
58 66 2
66 17 44
84 27 50
22 29 30
86 36 100
9 75 4
94 15 42
96 36 7
68 80 62
14 57 45
11 48 7
91 71 29
21 22 69
85 58 14
44 40 85
20 30 12
75 37 97
41 52 30
25 20 84
47 14 73
59 81 3
24 2 99
37 19 54
38 90 98
64 94 22
71 87 14
44 28 90
7 73 16
56 46 55
35 39 8
60 87 59
64 21 19
52 94 19
29 73 16
61 87 95
9 97 69
74 23 14
52 24 8
70 81 13
14 37 97
3 86 29
53 77 84
32 34 29
83 61 6
7 68 93
40 85 52
19 23 15
87 49 8
41 14 23
88 69 18
50 95 48
90 8 6
84 21 15
3 1 16
64 87 74
49 41 65
57 64 72
34 17 51
74 92 96
42 34 58
17 52 58
38 68 100
3 96 59
4 57 55
38 75 3
76 35 95
61 7 96
78 81 75
31 21 68
3 72 47
27 19 44
15 14 74
66 77 79
26 47 31
84 68 7
54 99 83
6 45 49
98 31 31
86 58 19
56 39 43
40 32 100
88 35 64
15 41 21
93 71 2
25 42 17
67 26 79
7 59 87
70 42 14
77 20 58
1 47 66
52 27 92
82 50 87
38 88 15
40 48 2
94 81 22
53 58 8
70 41 91
31 34 83
74 63 15
32 45 80
23 87 39
56 28 41
45 2 71
42 52 76
78 24 45
78 10 87
30 56 89
46 89 44
53 42 47
16 26 16
96 57 22
56 13 40
78 22 65
8 94 48
86 90 56
62 36 38
93 72 10
53 43 58
69 57 49
6 52 77
23 77 95
56 98 95
13 9 69
63 98 28
56 36 46
66 7 44
39 47 48
79 58 59
9 12 26
66 90 15
28 27 28
25 90 65
87 47 96
26 58 22
29 76 77
64 63 12
55 47 61
94 76 30
51 74 68
70 15 34
50 43 88
88 79 53
72 13 45
0 21 31
51 81 93
43 39 39
79 53 76
22 87 50
59 8 68
88 45 90
5 37 98
26 62 89
45 91 68
65 20 8
94 72 65
44 75 45
86 50 18
92 17 37
29 8 16
33 13 32
52 36 50
98 81 87
50 30 87
12 91 30
62 53 86
9 92 60
63 94 28
86 70 66
84 98 20
43 98 48
84 67 61
36 63 8
50 78 100
12 3 42
56 4 12
20 61 37
8 62 45
78 29 11
55 78 88
80 0 41
74 84 25
84 15 21
76 2 70
3 75 58
86 79 63
16 51 28
18 10 41
23 72 96
39 83 12
47 27 68
86 5 46
84 76 92
67 0 94
21 94 99
11 47 72
38 76 51
74 89 48
32 71 28
40 65 45
76 44 78
40 33 12
39 63 8
9 94 69
0 33 67
19 91 16
41 84 85
59 57 3
12 42 26
63 53 61
47 73 100
21 5 58
85 80 42
64 55 28
73 72 18
63 73 49
65 47 51
8 6 32
29 32 35
12 23 92
25 9 76
14 93 21
22 24 1
18 94 2
89 13 7
85 98 96
59 93 18
86 8 94
26 35 5
68 91 96
72 51 42
17 46 22
65 96 45
78 33 64
76 30 17
31 70 94
97 98 83
59 41 83
29 13 89
93 44 93
58 3 80
81 63 45
89 72 26
64 86 69
46 12 6
0 16 88
62 80 90
7 64 52
65 43 62
94 60 41
65 0 85
56 7 17
54 69 72
19 65 25
42 7 58
19 6 82
94 31 75
34 5 100
69 99 4
4 16 95
58 11 22
16 11 77
35 78 71
5 39 82
94 69 92
34 45 32
88 46 58
33 1 47
44 83 31
24 91 83
28 1 61
99 87 68
59 56 13
57 83 45
94 82 22
45 93 92
14 88 17
60 69 29
42 69 33
95 49 6
72 34 87
0 55 44
96 13 100
12 58 48
73 33 66
64 1 96
14 82 61
40 83 96
39 77 7
65 86 4
52 3 29
42 24 41
24 33 74
71 57 19
81 62 46
76 25 27
16 60 40
58 20 6
92 78 5
49 23 52
94 12 61
90 54 83
88 68 100
37 41 58
22 94 67
70 56 11
28 11 47
94 5 64
5 75 79
64 33 56
28 18 56
54 97 5
74 50 24
60 38 81
91 27 4
84 3 100
62 11 55
39 20 8
37 71 69
82 9 49
92 96 50
59 73 21
79 5 94
45 72 36
27 70 72
96 48 23
41 86 66
53 22 42
64 22 22
5 26 96
94 54 13
55 25 77
56 63 75
12 89 43
9 56 88
63 79 86
69 1 5
56 73 13
26 31 65
82 45 38
66 73 87
38 23 43
10 58 72
44 34 12
28 41 62
8 5 31
55 4 95
94 33 11
55 80 45
94 65 34
94 34 61
4 59 88
68 6 59
33 61 55
76 87 91
33 10 54
26 39 71
33 77 4
68 34 99
18 37 73
33 27 87
29 6 99
91 80 99
82 19 41
68 28 8
21 40 74
84 90 34
51 23 5
20 89 83
66 18 2
32 85 53
56 97 99
49 97 61
74 80 13
74 20 36
47 13 26
2 25 80
67 98 70
30 38 4
64 97 89
81 36 19
60 52 97
90 31 54
69 76 93
86 91 94
78 0 51
12 72 19
73 44 93
21 17 69
32 63 10
18 56 48
58 60 63
66 76 70
9 99 71
49 27 2
23 45 1
17 62 29
20 14 68
79 61 65
89 80 54
80 65 98
22 92 23
84 53 88
99 61 90
53 97 10
72 46 48
7 87 51
88 76 40
87 50 66
7 76 6
51 1 55
72 95 29
81 73 53
48 37 95
78 65 92
92 57 65
47 68 83
27 9 28
57 52 1
47 49 23
11 40 84
42 45 50
68 71 86
17 27 27
9 45 20
7 60 95
66 21 30
17 31 60
5 64 21
92 49 95
87 35 39
68 49 43
8 15 81
98 92 94
13 28 60
67 70 1
62 32 59
75 63 58
29 30 2
22 73 50
24 77 47
73 54 99
56 61 68
50 9 39
85 21 11
30 57 29
79 57 91
98 83 30
64 82 24
93 37 100
0 48 38
17 12 85
90 1 46
60 96 89
52 21 46
53 32 26
31 71 89
40 75 78
73 76 72
82 59 43
24 70 36
95 17 33
11 93 73
75 26 9
93 78 8
49 94 64
51 48 72
1 4 20
73 84 51
57 48 93
23 54 81
75 19 20
65 87 75
73 30 44
74 31 58
7 30 98
8 23 11
55 39 12
64 20 39
50 31 1
78 47 80
51 73 47
76 42 82
77 68 24
7 47 52
39 61 52
74 72 79
32 77 45
11 55 29
97 89 2
96 64 28
53 33 66
21 83 76
49 37 22
43 31 24
34 80 90
2 77 31
66 2 50
98 64 35
33 52 96
82 3 35
79 50 93
15 20 68
96 83 69
30 72 88
58 87 34
73 5 11
45 0 41
34 75 10
73 35 80
52 93 23
78 19 10
5 48 24
10 53 86
48 58 13
30 55 67
39 71 26
45 31 35
0 5 62
61 65 10
55 40 31
14 61 3
68 40 74
44 74 75
77 91 32
12 99 27
28 89 23
19 98 86
18 74 98
5 11 4
52 90 62
78 58 48
71 15 1
5 95 27
71 80 11
25 70 26
79 47 8
17 24 57
18 73 32
62 39 59
99 28 53
1 96 29
14 32 38
82 93 51
50 36 88
44 41 21
61 91 75
6 16 30
55 27 16
48 62 94
92 13 55
28 75 73
89 95 61
5 83 56
53 75 29
47 41 8
79 4 6
74 77 68
68 23 66
11 51 17
18 5 59
91 98 73
68 46 16
80 56 25
88 6 4
3 53 23
68 63 28
22 0 57
31 92 91
29 10 96
29 82 50
83 82 52
13 17 91
34 22 55
57 62 90
62 89 53
51 13 75
62 90 90
12 76 48
89 67 17
36 29 38
13 61 35
74 47 72
28 91 3
96 29 8
56 77 19
42 96 23
85 89 75
97 5 74
5 29 71
58 63 43
24 27 23
22 90 56
57 70 30
18 70 59
82 42 4
88 54 65
13 77 35
8 30 67
47 38 57
14 11 100
85 6 90
38 74 11
95 63 82
50 51 41
43 17 42
35 79 40
43 76 50
23 1 3
92 99 73
86 71 75
18 86 87
31 60 53
90 53 88
60 9 63
99 96 70
31 30 19
81 52 15
80 54 82
92 58 32
0 52 97
94 79 61
45 33 5
62 6 18
39 93 72
0 11 53
51 14 68
39 96 94
0 91 42
79 31 58
35 7 17
77 61 99
85 64 86
3 60 82
91 26 88
51 6 53
10 7 38
57 22 46
73 91 44
52 58 85
25 98 73
12 63 43
13 16 53
82 30 1
8 38 47
37 73 28
47 89 14
53 9 22
26 89 66
37 35 97
93 86 99
91 63 40
13 65 1
2 87 41
4 77 9
35 22 27
44 26 54
48 56 32
30 23 94
68 16 53
46 10 74
7 52 74
79 44 10
71 77 36
49 25 81
80 7 34
40 30 86
88 25 23
17 19 5
43 61 40
7 12 86
52 45 94
13 45 39
10 35 44
44 27 25
66 32 20
99 3 13
41 83 4
19 80 70
27 4 100
40 51 75
78 77 56
43 4 35
75 78 59
16 94 70
37 80 62
2 97 81
34 25 88
49 89 13
49 63 99
79 24 66
43 66 69
46 39 85
67 45 20
8 31 40
67 36 67
27 25 52
1 50 87
99 26 25
75 93 18
69 12 32
35 55 36
89 7 58
16 61 96
87 74 37
94 40 91
1 20 31
7 15 61
58 88 92
69 61 59
65 93 11
84 92 39
98 58 65
32 37 75
51 17 60
51 92 75
51 69 62
26 68 38
75 42 60
90 49 15
20 54 93
87 55 8
91 96 28
36 46 85
83 76 69
86 20 82
62 94 27
5 7 12
34 16 43
48 61 4
8 49 59
73 83 12
64 32 5
57 75 99
77 21 9
51 55 76
68 14 56
88 18 37
24 88 36
27 46 61
24 62 50
10 71 41
31 46 37
90 9 61
32 21 54
85 86 57
75 88 10
14 65 16
18 71 73
23 81 5
66 4 83
56 2 37
65 10 39
92 52 68
14 26 56
30 21 4
78 62 93
43 11 35
57 40 48
55 48 64
51 31 62
11 35 17
53 2 58
15 22 40
52 18 13
62 67 84
21 73 18
32 87 30
9 79 9
59 33 10
57 6 100
2 28 77
83 87 84
44 30 6
37 27 39
94 87 59
47 30 33
52 88 72
89 29 78
22 2 41
73 99 59
23 52 53
44 65 28
61 96 95
74 36 28
38 97 74
49 98 61
83 52 28
36 35 9
88 36 7
92 14 64
95 57 23
76 31 93
60 53 41
22 12 5
44 77 76
32 96 10
66 71 84
99 24 87
81 66 99
77 22 37
70 91 22
98 55 91
84 42 96
68 60 1
21 58 30
79 82 21
28 38 88
98 37 67
38 25 47
2 17 58
53 35 94
13 69 81
13 8 41
62 91 86
50 2 99
45 80 89
44 47 87
88 84 98
66 56 82
95 75 8
5 32 91
24 68 81
69 36 24
65 79 83
86 42 56
19 76 67
23 63 84
63 38 30
54 91 27
11 9 57
97 84 15
26 37 15
30 45 12
5 14 65
43 89 39
39 75 62
1 17 1
90 40 16
80 69 39
70 12 80
6 72 21
31 78 90
76 20 80
61 72 39
71 9 70
58 45 96
78 11 98
5 19 17
20 94 3
63 31 74
19 20 53
35 75 19
12 11 15
71 63 14
37 58 72
99 53 20
67 60 44
78 25 4
29 26 6
20 78 65
14 75 9
49 33 94
35 33 24
21 39 74
22 79 48
98 20 99
80 51 55
97 66 3
82 4 51
4 32 85
45 68 63
70 8 29
65 36 68
86 56 3
9 95 39
50 96 71
2 41 3
21 67 2
96 10 15
23 78 76
11 77 51
26 73 93
19 2 89
79 60 38
81 61 29
22 6 11
3 40 72
47 53 18
96 67 88
33 69 26
14 52 60
40 74 75
57 0 13
87 26 85
32 38 84
86 39 72
99 32 13
92 65 40
62 52 11
75 56 88
95 15 93
91 52 35
29 25 84
12 39 69
76 24 30
21 71 79
22 99 79
45 74 8
24 98 65
46 21 70
7 34 19
71 78 34
6 75 25
69 44 93
37 47 46
1 52 46
66 82 99
70 26 22
27 36 94
42 60 89
88 94 10
27 58 42
61 52 13
86 0 56
24 4 27
90 83 5
54 53 5
80 25 63
49 81 24
59 86 19
12 67 10
38 50 2
45 86 26
52 39 35
17 23 7
18 29 84
25 24 24
74 26 31
69 43 42
49 3 32
69 23 53
82 26 65
51 95 21
7 72 19
62 46 18
46 92 96
80 14 74
85 7 78
92 23 91
60 74 4
87 62 13
58 65 97
8 87 29
74 37 83
62 28 76
35 51 33
92 27 9
48 75 91
45 26 96
23 3 9
26 59 34
59 48 5
55 92 3
53 69 33
39 16 8
95 59 66
57 37 84
6 92 32
83 71 60
42 56 43
31 23 100
18 15 76
81 64 26
89 3 22
32 73 8
81 45 40
82 37 75
78 66 12
7 21 28
93 98 80
37 60 26
94 3 87
83 78 7
88 74 16
4 54 62
50 57 7
90 65 18
32 24 31
56 12 50
97 30 1
26 79 53
61 32 90
34 74 66
51 24 5
52 87 29
5 17 96
18 95 86
89 88 53
60 76 52
32 97 68
95 55 91
14 73 12
18 0 92
35 21 59
78 32 16
28 73 45
64 0 94
5 41 78
84 4 78
43 58 62
71 23 94
37 24 20
26 7 51
53 41 80
1 13 28
73 78 85
22 84 14
93 53 40
36 95 58
18 47 96
78 51 98
78 95 49
47 35 70
48 92 68
59 61 85
58 46 3
23 66 31
94 84 32
97 86 38
44 3 15
70 39 25
24 30 37
62 9 17
85 52 32
20 70 51
26 11 86
46 76 100
77 70 96
37 53 23
17 7 96
28 47 5
8 67 63
25 96 56
73 45 12
74 8 35
43 23 98
77 29 18
74 91 37
54 34 42
61 73 62
85 50 55
26 42 2
90 59 14
52 68 99
56 91 60
44 23 62
8 66 41
18 13 39
71 59 79
84 70 99
22 32 6
36 6 33
72 0 72
64 61 43
4 78 46
7 51 90
97 11 59
72 16 13
5 50 75
23 16 66
36 24 13
34 78 91
49 19 21
74 13 23
95 41 51
66 33 31
49 28 40
97 93 70
55 59 20
44 15 99
47 63 86
93 19 1
40 41 89
86 84 67
56 55 29
39 84 44
12 64 96
54 46 78
11 84 18
13 44 22
2 64 20
98 0 9
58 68 33
67 55 16
90 81 8
84 35 28
75 46 63
51 85 23
83 55 84
66 83 100
2 68 72
60 83 27
46 40 95
2 34 15
57 60 62
13 19 80
31 91 94
19 68 23
9 14 74
20 5 42
45 37 96
98 96 16
81 35 4
6 44 80
74 67 63
97 45 51
17 38 92
27 3 40
8 16 5
41 80 36
57 82 56
64 51 61
7 67 87
26 25 68
36 28 29
42 68 12
58 5 81
25 66 28
26 65 57
7 37 33
70 92 73
42 94 36
10 34 75
86 40 64
97 25 20
48 16 27
90 5 39
2 85 25
95 42 45
21 93 30
28 70 10
27 26 3
11 89 62
25 52 43
20 56 17
76 11 85
25 82 73
74 61 1
33 37 44
94 68 75
32 48 63
97 82 34
69 4 30
67 49 7
87 43 82
84 30 80
89 14 46
23 36 61
1 5 83
82 32 83
12 96 19
20 38 63
47 77 54
39 31 1
63 3 78
38 62 43
6 54 20
5 82 28
8 11 72
87 46 69
88 26 25
58 72 92
17 94 25
36 82 91
90 79 10
86 75 99
43 8 14
63 57 66
35 90 65
96 49 100
43 95 20
23 90 33
70 35 22
37 86 32
24 31 77
79 83 35
2 93 67
57 31 2
98 51 46
53 46 7
46 98 64
45 57 89
47 6 17
77 98 91
55 17 52
1 40 19
41 27 56
25 77 40
71 40 97
71 3 99
22 30 83
0 42 21
27 65 94
11 87 67
17 42 6
27 81 35
82 69 21
74 65 1
49 17 29
2 86 97
43 41 27
71 73 17
28 26 58
25 73 98
9 51 85
7 88 56
65 48 26
27 57 6
42 97 79
54 19 21
75 89 90
88 22 26
23 26 92
75 20 76
96 54 23
39 33 76
71 16 98
79 34 7
2 96 3
83 18 4
0 40 29
1 12 77
37 78 17
58 57 74
69 87 40
55 10 81
15 80 23
71 67 4
96 28 2
11 80 12
98 74 47
14 53 19
48 10 17
53 88 51
2 3 38
20 12 59
62 51 38
80 77 49
70 88 53
52 4 88
46 74 94
33 17 45
19 8 98
57 1 46
77 26 26
61 86 40
11 79 50
99 84 13
67 34 10
71 50 71
88 31 69
42 41 96
77 30 56
8 47 25
1 54 27
9 93 19
90 78 63
55 41 56
96 35 72
12 0 77
6 53 42
57 66 49
92 11 12
34 15 71
48 24 91
68 92 35
93 95 17
72 68 59
6 40 89
22 59 46
29 44 65
7 97 97
27 48 90
70 1 49
39 57 12
79 98 51
30 64 28
63 17 86
61 31 42
90 93 15
99 83 46
53 39 68
44 48 44
81 26 99
42 18 42
11 56 24
93 3 19
54 15 46
67 82 93
41 93 17
83 59 33
92 12 32
56 19 100
67 5 54
93 61 25
30 33 10
96 45 100
32 44 38
28 66 13
6 78 47
64 93 16
34 29 74
43 60 56
89 10 11
31 13 20
43 92 87
71 60 83
79 23 15
2 73 88
14 69 63
91 2 10
23 13 19
47 29 6
75 98 21
59 30 78
20 68 14
37 97 60
61 50 79
17 82 89
90 14 72
66 60 5
88 59 70
49 59 92
99 94 29
79 1 7
12 53 66
15 96 22
76 74 40
35 15 98
66 44 97
57 46 87
1 78 90
94 7 30
54 98 28
36 42 63
12 98 56
68 51 96
14 59 38
11 27 96
9 52 9
12 75 20
5 69 70
94 66 77
68 50 17
38 40 15
32 98 69
99 8 17
5 4 10
95 58 35
9 2 13
51 53 46
95 53 55
57 42 38
37 25 67
45 71 76
18 90 4
29 31 65
27 88 68
82 76 53
97 43 28
11 52 8
44 92 86
6 91 8
41 68 95
5 85 96
45 3 69
41 58 20
60 97 17
66 39 23
8 95 63
89 16 88
40 39 23
80 9 17
72 66 82
36 18 98
26 64 61
8 33 40
79 27 20
70 94 21
32 39 62
