7 
99 0.0002220000 0.0002130000 0.0002410000 0.0002130000 0.0002120000 0.0002110000 0.0002120000 
599 0.0004790000 0.0004800000 0.0004800000 0.0004870000 0.0004770000 0.0004640000 0.0004810000 
1099 0.0007670000 0.0007370000 0.0007490000 0.0007610000 0.0007180000 0.0007580000 0.0007710000 
1599 0.0009950000 0.0010380000 0.0010090000 0.0010490000 0.0011840000 0.0009940000 0.0010090000 
2099 0.0015310000 0.0012890000 0.0013850000 0.0014960000 0.0012910000 0.0013980000 0.0014900000 
2599 0.0015830000 0.0015810000 0.0015930000 0.0017330000 0.0016740000 0.0015840000 0.0016550000 
3099 0.0020850000 0.0018720000 0.0019280000 0.0019200000 0.0018710000 0.0018750000 0.0021920000 
3599 0.0022330000 0.0021670000 0.0022250000 0.0023700000 0.0021740000 0.0022280000 0.0021720000 
4099 0.0027370000 0.0025020000 0.0026390000 0.0024990000 0.0024980000 0.0024980000 0.0025040000 
4599 0.0028050000 0.0032680000 0.0028580000 0.0029060000 0.0028470000 0.0033780000 0.0028530000 
