1000 5999
730 857 1
730 849 1
857 679 1
679 490 1
849 271 1
857 795 1
679 535 1
679 760 0
679 870 1
857 54 0
795 746 0
760 57 1
746 41 0
730 374 0
490 122 1
857 880 0
271 943 1
54 925 1
730 264 1
760 810 1
374 306 0
271 843 1
746 31 1
57 52 0
760 969 0
795 965 1
746 33 0
843 993 0
730 657 0
52 780 0
843 72 1
490 77 0
54 459 0
795 232 1
965 920 1
965 928 1
943 494 0
52 505 1
54 729 0
57 493 0
72 282 0
746 987 1
795 856 0
849 487 0
987 722 1
870 226 1
722 218 1
264 757 1
928 837 0
843 684 1
218 475 1
857 828 0
856 175 1
760 465 1
943 911 0
943 201 0
282 216 1
987 654 1
654 884 1
41 177 1
679 191 1
33 613 0
843 251 1
264 557 1
465 472 1
41 948 1
679 231 0
987 639 1
226 622 1
374 589 0
622 265 0
780 235 1
622 319 0
849 142 1
884 22 0
843 781 1
856 628 0
657 416 0
729 517 1
264 515 1
928 931 0
72 274 1
515 236 1
684 127 1
911 661 1
57 38 0
928 811 0
265 631 0
374 168 1
274 79 0
679 775 1
201 406 0
828 195 1
746 667 0
475 947 0
218 538 1
236 991 0
993 399 1
884 174 0
191 758 1
218 602 0
264 647 1
730 878 0
746 800 1
201 988 0
57 696 0
613 972 0
993 302 0
475 469 0
264 179 1
174 645 0
639 254 1
122 39 0
589 503 1
79 136 1
667 507 1
282 372 1
870 981 1
57 751 1
654 188 1
493 651 1
374 765 1
487 796 1
201 886 1
589 512 1
465 209 1
931 53 1
319 763 1
494 203 0
746 13 1
191 159 1
730 990 1
857 474 0
72 435 1
493 409 0
179 25 1
645 902 1
763 703 0
505 724 0
53 388 0
965 62 0
639 559 0
409 132 1
232 945 1
372 891 1
254 40 0
490 633 0
218 894 0
628 483 0
13 24 1
25 821 1
62 90 1
174 185 1
696 623 1
209 486 1
302 779 0
216 301 0
490 607 0
647 328 0
931 906 1
760 769 0
517 938 0
849 339 1
490 723 0
236 804 0
90 687 1
319 313 1
179 249 1
613 567 0
249 807 0
948 626 1
800 650 1
661 423 1
168 246 0
631 390 1
79 407 0
828 341 1
209 753 0
271 516 1
938 32 0
301 3 1
623 355 0
800 333 0
821 669 1
804 113 0
796 438 1
804 956 1
487 450 0
226 348 0
79 17 1
271 742 0
902 793 0
459 414 1
177 101 1
41 788 0
679 222 1
669 146 0
804 846 0
282 244 1
79 364 1
265 460 0
757 635 0
364 259 1
201 152 0
589 644 1
132 158 1
628 772 0
203 133 0
90 213 1
226 519 0
613 918 1
517 252 1
374 830 0
969 325 0
179 672 0
613 59 0
800 701 1
987 762 0
77 652 0
639 975 0
507 395 0
246 200 0
810 823 0
254 953 1
878 227 0
313 140 1
559 130 1
993 619 0
622 554 0
33 877 0
483 126 0
753 194 1
650 640 1
779 165 1
920 629 1
374 278 0
639 104 0
493 401 1
729 923 1
775 834 1
843 8 1
409 586 1
633 885 0
203 405 1
956 989 1
142 955 0
828 287 0
136 402 1
52 5 0
503 12 1
730 20 0
399 184 1
136 447 0
465 549 1
185 978 1
251 356 1
857 787 0
586 727 1
282 428 1
622 614 1
333 382 1
200 926 1
401 933 1
113 601 0
41 181 0
549 743 1
945 60 1
459 675 0
401 462 0
54 835 0
231 365 0
991 250 0
856 971 0
669 974 0
306 449 1
804 495 0
274 806 1
62 248 1
679 30 1
222 580 0
645 842 1
191 914 1
490 1 1
763 901 0
54 117 1
165 408 1
795 329 0
933 691 1
59 620 1
981 998 0
79 340 1
742 663 0
901 624 1
33 418 0
72 500 1
886 958 0
969 553 0
405 876 0
209 276 0
696 89 0
835 815 1
152 361 1
974 398 1
181 88 1
244 690 0
933 366 1
462 934 1
235 14 1
911 476 1
880 792 1
246 220 1
842 441 0
203 58 0
41 144 0
41 845 1
619 116 0
271 497 0
870 839 1
356 125 0
407 531 1
620 100 1
271 986 1
837 131 1
60 93 1
947 334 1
684 186 1
474 992 1
626 28 0
271 700 0
580 170 1
696 411 1
250 485 1
31 106 1
635 883 1
88 686 0
811 544 0
934 267 0
538 344 1
465 91 1
334 520 1
787 680 1
52 587 0
30 128 0
620 973 1
200 598 0
340 336 1
428 238 0
278 524 1
971 913 0
409 291 0
459 576 0
580 575 0
259 859 0
486 66 1
958 929 0
876 330 0
203 550 0
232 489 1
839 342 1
132 481 1
811 852 0
675 694 1
209 56 1
399 748 1
356 171 0
788 646 0
267 155 1
972 909 1
926 637 1
505 695 1
981 124 1
342 726 0
100 582 0
361 94 0
475 648 0
992 572 0
981 160 1
500 262 1
810 841 0
306 709 0
31 149 1
131 461 1
191 767 0
124 774 0
859 736 0
25 359 0
238 977 0
684 426 0
757 444 0
77 740 1
796 963 0
489 429 1
598 183 1
13 649 0
494 867 1
538 514 1
945 882 0
411 922 1
132 930 0
325 896 0
361 585 1
155 379 0
922 595 0
408 157 1
922 466 1
729 966 0
485 65 0
587 103 0
598 615 1
925 530 0
955 410 0
680 967 0
684 318 1
104 664 0
837 982 1
485 0 0
213 297 0
469 212 0
512 479 0
626 70 1
635 285 0
620 660 1
943 343 0
366 49 0
267 309 1
637 4 0
837 205 0
589 392 0
390 367 1
232 471 0
691 588 1
175 324 0
958 566 0
28 533 0
124 371 1
406 924 0
251 605 0
628 984 1
348 899 0
538 420 1
142 798 0
209 389 0
276 676 1
598 734 1
984 908 0
152 864 1
580 511 1
554 80 1
265 961 0
131 997 0
623 970 0
226 37 0
126 818 0
356 34 0
184 277 1
815 881 0
724 76 0
772 532 1
181 164 0
753 229 0
512 260 0
339 154 0
479 484 0
91 419 0
183 678 0
742 224 1
846 578 1
232 107 0
53 468 0
982 289 0
216 630 1
212 240 1
514 565 1
494 917 0
344 817 1
652 618 1
250 384 0
77 269 1
760 858 1
769 337 0
53 190 0
389 604 1
402 717 1
302 393 0
701 304 0
235 697 0
601 816 0
835 121 1
444 207 1
729 166 0
730 347 0
856 320 1
191 415 1
908 545 1
846 879 0
514 303 1
870 467 0
723 10 1
240 666 0
402 87 1
179 156 1
72 19 0
572 417 0
724 887 0
660 621 1
41 548 1
278 268 1
41 713 1
406 499 1
33 73 1
748 27 0
971 427 1
676 509 0
505 81 1
896 396 1
177 92 0
742 671 1
177 968 1
585 9 0
343 556 1
894 141 1
465 851 1
341 261 1
468 632 0
515 819 0
870 860 1
106 234 0
961 682 1
340 129 1
384 258 0
760 782 1
891 803 1
774 47 0
835 892 1
287 771 1
918 720 0
429 625 1
388 579 0
56 290 0
121 308 1
967 71 0
800 180 1
967 35 0
4 854 0
72 380 0
261 838 1
578 373 0
742 436 0
894 323 0
190 256 0
122 564 1
177 808 0
347 561 1
131 332 0
532 510 1
128 243 0
989 21 0
289 872 0
405 536 1
864 198 0
485 286 0
800 135 1
503 683 0
630 437 1
35 430 1
465 351 1
620 134 1
34 861 1
260 311 0
697 962 0
342 547 1
156 995 0
301 766 0
815 480 1
28 593 1
175 283 0
988 573 0
365 161 1
81 523 0
575 488 1
948 312 1
39 421 0
313 659 0
243 897 0
650 464 0
39 83 1
113 833 1
879 904 0
302 242 0
917 506 1
374 850 0
762 293 1
762 148 1
978 658 0
146 86 0
380 634 1
248 404 0
856 387 0
87 64 0
159 217 0
1 98 0
849 708 0
885 230 0
969 940 1
303 705 0
697 245 1
713 776 1
32 82 0
846 153 0
447 831 1
399 75 0
740 378 0
792 844 1
194 182 1
402 335 0
226 895 0
582 869 0
308 777 1
757 453 0
5 74 0
4 636 0
556 273 1
922 653 0
823 321 1
580 147 0
867 983 1
626 151 1
851 744 1
657 23 1
835 346 1
717 241 0
729 357 0
73 606 0
934 522 0
622 386 0
535 825 1
705 299 0
963 900 1
390 109 0
515 610 0
286 67 1
684 681 1
989 569 0
467 718 0
788 451 1
195 315 1
249 888 0
227 921 1
742 300 0
5 84 1
708 571 0
355 732 1
94 919 1
981 360 0
419 296 0
572 812 0
91 363 0
684 799 1
515 609 0
709 492 0
267 715 1
91 693 1
878 36 1
548 568 1
682 385 1
828 118 1
92 2 0
447 173 1
451 454 0
342 413 1
467 711 0
153 237 1
165 403 1
389 316 0
734 847 0
630 539 1
309 600 1
465 641 0
843 120 1
766 627 1
181 46 1
0 272 0
500 502 0
678 504 0
39 752 0
624 927 0
788 383 0
740 552 0
568 655 1
93 813 1
767 456 0
130 932 1
62 529 1
631 110 0
586 85 0
717 866 0
339 29 1
724 279 0
312 863 1
243 239 1
141 707 1
625 369 0
451 358 1
423 996 0
672 257 0
921 63 1
241 805 0
480 143 1
775 219 0
231 61 0
928 266 1
125 463 0
961 712 1
774 714 0
837 674 0
451 848 1
474 508 1
20 55 0
997 942 0
843 960 0
279 208 0
334 43 0
224 478 1
264 294 1
141 498 1
415 543 0
635 725 0
626 728 0
332 750 0
324 48 1
290 563 0
984 685 0
428 108 1
164 457 1
523 114 1
550 51 0
154 50 1
224 677 1
190 400 1
981 937 0
614 698 1
414 189 0
909 905 1
212 957 1
213 562 1
54 123 1
934 670 1
469 322 0
346 473 1
323 710 1
548 829 0
531 525 0
878 749 1
872 455 1
647 233 1
837 768 1
788 44 1
371 215 0
601 570 0
87 78 0
48 327 1
215 836 1
554 889 1
297 692 1
973 432 0
468 702 1
165 745 0
969 491 0
714 739 0
712 521 0
63 162 0
650 764 0
660 305 0
109 832 0
239 802 0
882 916 1
291 482 1
882 786 1
844 770 1
983 865 0
305 822 1
786 69 0
461 964 0
815 820 1
461 952 0
710 999 0
142 862 1
147 668 0
943 211 1
714 985 0
725 590 1
385 733 0
657 112 0
258 936 1
380 873 0
833 376 0
613 119 0
182 391 1
405 789 1
450 196 0
321 7 0
309 950 0
52 513 1
798 138 1
686 97 0
628 292 0
56 95 1
469 643 1
385 221 1
532 446 0
116 688 1
787 871 0
201 555 1
636 890 1
816 42 1
819 814 0
497 477 0
626 980 0
407 754 0
258 735 1
160 275 0
170 368 0
967 349 1
361 594 1
489 280 1
972 214 1
947 773 1
917 352 0
506 534 0
450 537 0
492 295 0
862 470 1
911 706 0
887 915 1
626 350 1
927 959 0
651 115 1
571 581 1
265 178 0
226 317 0
104 270 1
653 783 0
144 310 1
317 597 1
287 826 1
604 353 0
922 307 0
133 443 1
151 439 0
413 949 1
404 223 1
830 99 1
341 785 1
134 145 1
619 192 1
488 616 0
86 281 1
837 199 0
198 440 1
774 354 0
955 759 0
980 6 0
310 424 1
389 68 1
491 994 1
89 704 0
392 558 0
342 412 0
74 326 1
302 912 1
523 284 0
998 939 1
653 501 0
23 662 0
343 716 1
740 425 0
867 394 1
849 741 1
258 163 1
0 377 1
637 111 1
919 801 0
272 611 1
405 338 1
198 910 1
424 979 0
49 794 0
149 253 0
257 11 1
291 496 1
415 288 1
332 809 0
313 422 0
29 15 1
902 197 0
400 673 0
825 583 0
363 944 0
754 458 0
288 176 1
952 747 0
590 26 0
625 592 0
685 638 0
942 397 1
585 331 1
229 18 1
88 263 1
578 791 1
910 518 0
145 45 0
653 431 0
860 665 1
887 875 1
759 204 1
862 907 1
40 167 0
877 756 1
942 433 1
254 778 0
459 954 1
885 540 1
961 542 0
966 976 0
920 381 0
160 96 0
826 102 0
433 577 0
631 951 0
780 210 0
162 827 1
796 824 0
136 206 0
354 150 1
535 840 1
647 898 1
384 551 0
849 139 1
390 527 1
413 617 1
799 603 1
328 169 1
508 584 1
156 526 1
952 546 0
222 731 1
1 345 0
7 574 1
408 362 1
764 893 1
315 946 1
593 448 0
752 187 1
779 719 0
762 935 1
768 761 0
860 452 1
114 721 0
714 874 1
493 172 0
926 855 0
446 689 0
787 225 1
522 560 1
507 797 0
374 941 1
147 699 0
569 656 1
81 541 0
116 755 1
614 599 1
884 608 1
584 298 0
862 375 1
587 370 1
678 737 0
473 642 1
859 784 1
119 255 0
451 137 0
468 738 0
291 434 1
286 105 0
539 528 0
944 16 1
675 193 1
341 853 1
505 247 1
135 591 1
226 790 0
256 596 1
656 314 0
619 903 0
904 202 0
853 442 1
536 868 0
8 445 1
68 228 0
109 612 1
714 867 0
119 529 0
130 292 0
692 921 0
291 383 0
112 25 0
503 118 0
758 206 0
201 62 0
151 212 0
411 305 0
675 537 0
742 407 0
223 985 0
601 490 0
166 102 0
179 879 0
142 13 0
412 336 0
168 668 0
565 109 0
810 820 0
257 231 0
300 313 0
37 919 0
874 313 0
542 588 0
341 190 21553
542 974 0
470 688 1727413336
414 166 32718
400 646 1727413336
432 604 32718
472 152 0
981 478 0
961 699 0
801 429 0
403 332 1
447 400 679
857 206 490
16 511 1
6 395 849
619 18 271
782 807 1
713 324 857
678 839 795
676 885 1
817 904 679
101 530 535
343 225 1
303 241 679
388 249 760
606 861 0
700 570 679
872 518 870
11 423 1
913 841 857
305 572 54
365 466 0
386 487 795
444 288 746
858 182 0
145 918 760
403 407 57
756 146 1
505 434 746
877 223 41
721 682 0
967 277 730
533 313 374
429 246 0
537 217 490
127 571 122
122 497 1
516 564 857
776 653 880
131 771 0
755 582 271
168 622 943
351 112 1
402 79 54
225 773 925
242 57 1
902 743 730
857 131 264
228 227 1
726 965 760
811 95 810
35 457 1
860 758 374
717 216 306
557 927 0
393 414 271
925 742 843
192 625 1
507 942 746
307 177 31
31 757 1
414 256 57
377 283 52
457 479 0
578 478 760
850 153 969
834 280 0
301 108 795
756 18 965
110 589 1
734 586 746
615 44 33
318 277 0
900 692 843
301 330 993
659 673 0
128 87 730
510 126 657
866 539 0
976 52 52
949 518 780
911 316 0
365 63 843
814 78 72
225 365 1
87 829 490
177 747 77
286 760 0
448 600 54
262 383 459
293 708 0
948 493 795
431 624 232
549 720 1
85 564 965
266 787 920
647 108 1
839 853 965
271 202 928
781 529 1
517 183 943
5 864 494
508 575 0
176 409 52
577 591 505
538 9 1
766 759 54
832 417 729
490 600 0
819 234 57
760 663 493
732 964 0
821 140 72
424 648 282
365 4 0
448 916 746
241 778 987
393 946 1
12 120 795
30 967 856
875 644 0
635 263 849
342 352 487
415 669 0
65 423 987
681 599 722
488 137 1
158 724 870
976 689 226
865 867 1
701 519 722
884 743 218
873 20 1
778 865 264
751 116 757
926 113 1
969 835 928
620 20 837
738 190 0
397 72 843
638 832 684
549 333 1
619 268 218
653 102 475
952 773 1
432 631 857
240 144 828
86 643 0
483 736 856
268 182 175
946 134 1
563 555 760
944 999 465
444 665 1
556 162 943
259 781 911
616 961 0
853 560 943
406 339 201
517 542 0
890 994 282
837 363 216
12 926 1
396 609 987
949 38 654
761 713 1
28 679 654
163 482 884
929 6 1
672 189 41
69 221 177
128 56 1
668 467 679
717 824 191
127 496 1
472 649 33
670 724 613
525 733 0
979 659 843
381 95 251
191 430 1
877 560 264
511 541 557
836 678 1
720 987 465
20 888 472
517 331 1
90 111 41
564 816 948
43 21 1
597 595 679
666 479 231
110 85 0
137 950 987
182 566 639
846 565 1
504 540 226
587 803 622
786 20 1
888 758 374
968 538 589
62 704 0
796 780 622
768 28 265
377 857 0
491 226 780
659 808 235
503 855 1
301 332 622
896 529 319
500 656 0
562 74 849
436 884 142
221 288 1
754 507 884
10 231 22
59 206 0
430 825 843
170 938 781
509 909 1
347 666 856
389 230 628
647 141 0
273 639 657
275 727 416
226 274 0
525 543 729
104 942 517
645 434 1
949 944 264
279 963 515
933 895 1
759 605 928
608 940 931
241 22 0
192 451 72
816 678 274
266 579 1
464 488 515
996 262 236
717 237 1
798 575 684
463 269 127
233 704 1
469 476 911
23 37 661
832 47 1
223 473 57
754 673 38
524 899 0
469 778 928
982 545 811
145 400 0
594 838 265
621 291 631
110 795 0
288 683 374
260 481 168
616 898 1
89 952 274
317 559 79
715 970 0
370 491 679
158 478 775
476 324 1
625 496 201
420 26 406
565 478 0
574 742 828
820 134 195
623 396 1
601 878 746
264 17 667
972 391 0
878 522 475
274 805 947
322 245 0
191 234 218
514 245 538
202 916 1
713 570 236
632 374 991
823 544 0
17 518 993
87 599 399
837 424 1
108 490 884
448 247 174
608 151 0
620 892 191
843 98 758
463 908 1
383 79 218
229 349 602
36 844 0
690 990 264
964 596 647
963 536 1
213 9 730
148 365 878
610 72 0
528 734 746
883 424 800
252 33 1
917 876 201
156 598 988
654 785 0
605 145 57
188 964 696
173 853 0
552 960 613
420 247 972
687 53 0
235 94 993
342 777 302
116 968 0
110 718 475
231 532 469
396 76 0
309 660 264
61 317 179
378 898 1
367 389 174
111 73 645
239 487 0
317 283 639
401 739 254
545 857 1
729 748 122
9 206 39
413 801 0
634 375 589
94 23 503
397 908 1
689 697 79
295 193 136
60 924 1
386 813 667
948 901 507
98 778 1
429 720 282
935 178 372
486 460 1
956 703 870
155 320 981
109 583 1
895 679 57
664 943 751
243 610 1
304 367 654
495 687 188
433 849 1
155 441 493
169 990 651
157 417 1
548 332 374
488 657 765
312 996 1
817 435 487
553 327 796
781 23 1
284 164 201
638 74 886
415 257 1
209 929 589
136 324 512
533 196 1
868 351 465
87 949 209
927 530 1
473 359 931
168 94 53
792 576 1
440 555 319
706 96 763
52 707 1
436 172 494
782 906 203
618 390 0
126 388 746
457 118 13
47 776 1
854 149 191
12 234 159
764 881 1
115 292 730
123 775 990
48 381 1
702 453 857
539 20 474
992 508 0
626 784 72
154 517 435
485 324 1
776 319 493
989 948 409
961 781 0
182 372 179
146 574 25
536 150 1
295 440 645
877 433 902
532 573 1
937 32 763
957 253 703
996 827 0
605 661 505
427 762 724
831 472 0
712 977 53
586 233 388
865 148 0
511 488 965
804 957 62
169 681 0
290 996 639
239 898 559
757 348 0
245 385 409
504 208 132
101 533 1
979 747 232
498 13 945
701 746 1
324 795 372
138 290 891
836 994 1
560 396 254
991 853 40
237 663 0
516 87 490
372 313 633
458 618 0
791 926 218
57 391 894
434 342 0
945 574 628
328 57 483
423 479 0
322 628 13
842 804 24
806 387 1
542 831 25
354 102 821
928 422 1
247 270 62
932 957 90
305 788 1
375 858 174
163 52 185
212 781 1
453 469 696
459 47 623
995 373 1
662 886 209
675 519 486
925 349 1
528 358 302
668 166 779
952 308 0
656 595 216
748 398 301
152 18 0
784 122 490
594 362 607
832 864 0
592 820 647
371 352 328
515 854 0
391 492 931
43 425 906
803 456 1
733 513 760
156 33 769
310 941 0
585 251 517
534 887 938
4 741 0
468 970 849
720 314 339
113 6 1
801 147 490
864 972 723
526 43 0
727 619 236
209 598 804
507 442 0
509 793 90
806 410 687
636 796 1
183 29 319
289 499 313
897 136 1
661 294 179
651 510 249
481 28 1
509 79 613
884 141 567
822 157 0
542 0 249
854 314 807
329 760 0
696 999 948
462 595 626
809 92 1
593 846 800
880 338 650
69 324 1
237 175 661
80 658 423
717 442 1
156 425 168
624 989 246
661 166 0
661 690 631
956 962 390
726 577 1
980 927 79
472 373 407
283 658 0
591 27 828
460 122 341
352 571 1
751 482 209
290 257 753
40 61 0
762 299 271
97 132 516
393 245 1
502 529 938
17 626 32
613 760 0
646 602 301
203 274 3
540 284 1
516 475 623
892 875 355
547 963 0
696 145 800
496 688 333
329 459 0
844 246 821
611 388 669
710 322 1
468 2 804
103 491 113
792 972 0
439 895 796
942 432 438
990 510 1
924 101 804
867 116 956
723 587 1
24 81 487
905 992 450
30 52 0
166 919 226
559 695 348
717 687 0
575 553 79
624 890 17
194 682 1
325 563 271
995 213 742
999 697 0
465 932 902
846 427 793
495 71 0
93 937 459
686 596 414
12 612 1
802 450 177
125 738 101
983 931 1
269 573 41
99 121 788
879 569 0
873 115 679
210 507 222
865 989 1
576 444 669
172 310 146
934 243 0
956 166 804
811 280 846
817 787 0
802 16 282
880 870 244
374 726 1
210 743 79
251 185 364
314 574 1
181 362 265
878 997 460
226 77 0
893 250 757
296 203 635
930 114 0
704 952 364
377 493 259
580 457 1
910 94 201
673 528 152
881 458 0
633 320 589
911 360 644
502 355 1
493 98 132
883 79 158
683 274 1
225 486 628
954 279 772
664 391 0
927 975 203
137 494 133
538 202 0
647 79 90
648 675 213
42 981 1
599 585 226
557 776 519
308 951 0
765 594 613
834 422 918
439 567 1
433 262 517
541 576 252
647 769 1
687 328 374
666 840 830
48 475 0
473 149 969
704 180 325
206 85 0
402 67 179
856 430 672
739 902 0
512 107 613
759 609 59
578 745 0
726 414 800
386 640 701
298 399 1
568 175 987
61 273 762
638 481 0
153 479 77
257 895 652
572 846 0
803 549 639
152 819 975
982 379 0
616 206 507
904 525 395
679 943 0
415 173 246
633 179 200
157 215 0
402 990 810
803 957 823
373 691 0
94 385 254
746 83 953
643 350 1
50 252 878
504 958 227
139 675 0
299 978 313
919 26 140
882 812 1
465 254 559
354 750 130
620 475 1
529 537 993
137 837 619
594 780 0
144 723 622
310 300 554
128 84 0
574 650 33
562 168 877
425 176 0
394 728 483
862 657 126
549 68 0
25 943 753
19 664 194
276 827 1
145 111 650
261 437 640
476 973 1
412 937 779
271 429 165
6 188 1
705 485 920
530 753 629
324 18 1
13 407 374
575 381 278
537 889 0
857 170 639
420 978 104
507 283 0
487 615 493
426 182 401
376 779 1
718 309 729
138 531 923
215 899 1
419 186 775
332 387 834
458 219 1
690 884 843
560 294 8
818 317 1
385 231 409
672 834 586
695 761 1
20 311 633
897 908 885
176 427 0
794 643 203
636 262 405
53 928 1
82 638 956
135 553 989
982 530 1
471 792 142
729 844 955
781 656 0
841 722 828
530 289 287
835 861 0
834 420 136
636 377 402
553 44 1
572 637 52
530 887 5
26 648 0
681 911 503
625 309 12
518 937 1
744 763 730
786 245 20
634 85 0
254 335 399
402 632 184
371 102 1
390 70 136
562 854 447
972 172 0
500 527 465
891 474 549
165 341 1
651 480 185
37 1 978
979 545 1
931 586 251
921 427 356
997 265 1
668 461 857
330 679 787
490 136 0
69 681 586
394 123 727
369 162 1
969 994 282
413 821 428
43 894 1
65 913 622
917 114 614
859 482 1
176 577 333
271 882 382
487 83 1
640 825 200
101 797 926
296 90 1
665 92 401
52 940 933
230 292 1
640 891 113
391 907 601
610 193 0
902 505 41
565 349 181
677 56 0
671 995 549
661 941 743
717 477 1
655 245 945
71 234 60
884 965 1
623 172 459
55 678 675
629 841 0
606 917 401
665 240 462
255 319 0
274 78 54
532 258 835
253 547 0
547 924 231
26 514 365
682 598 0
389 765 991
971 588 250
894 514 0
620 618 856
188 311 971
179 399 0
888 368 669
375 220 974
518 247 0
133 413 306
696 533 449
527 520 1
493 768 804
213 860 495
309 949 0
896 770 274
298 805 806
581 818 1
438 709 62
602 656 248
536 771 1
58 988 679
282 963 30
957 133 1
387 204 222
350 225 580
659 882 0
766 453 645
63 513 842
664 472 1
944 270 191
574 505 914
220 950 1
216 809 490
86 354 1
269 367 1
124 597 763
774 938 901
756 833 0
6 310 54
302 683 117
328 600 1
380 83 165
866 794 408
731 693 1
154 56 795
23 629 329
378 843 0
974 339 933
747 988 691
418 953 1
17 382 59
997 988 620
295 25 1
660 910 981
87 843 998
863 827 0
335 119 79
262 983 340
427 325 1
76 480 742
947 500 663
768 129 0
778 337 901
849 709 624
258 561 1
923 714 33
668 429 418
690 98 0
678 90 72
948 988 500
757 767 1
196 381 886
441 991 958
13 934 0
433 584 969
573 995 553
55 520 0
521 484 405
451 270 876
652 855 0
143 736 209
404 816 276
401 200 0
663 469 696
708 679 89
20 840 0
906 767 835
451 457 815
424 420 1
676 977 152
259 97 361
837 534 1
62 941 974
360 66 398
385 267 1
917 832 181
746 417 88
661 231 1
679 21 244
725 853 690
435 788 0
808 51 933
634 10 366
340 696 1
850 830 462
261 459 934
168 577 1
222 163 235
47 528 14
378 981 1
956 870 911
609 217 476
463 9 1
437 780 880
707 646 792
804 262 1
514 367 246
224 73 220
923 819 1
105 337 842
992 36 441
576 132 0
281 246 203
542 216 58
149 366 0
552 313 41
869 183 144
120 496 0
967 27 41
752 202 845
727 779 1
325 878 619
805 684 116
586 788 0
459 58 271
570 986 497
46 327 0
609 876 870
24 595 839
510 565 1
478 155 356
555 253 125
432 213 0
91 385 407
475 761 531
502 720 1
252 423 620
462 175 100
950 21 1
881 341 271
460 807 986
720 247 1
66 786 837
637 642 131
397 764 1
956 155 60
517 597 93
1 864 1
345 589 947
983 298 334
352 646 1
549 665 684
770 326 186
507 967 1
25 969 474
437 945 992
596 166 1
199 761 626
341 226 28
408 638 0
678 134 271
216 442 700
57 767 0
436 409 580
332 483 170
866 185 1
85 467 696
646 95 411
788 289 1
861 233 250
374 73 485
923 872 1
439 822 31
784 17 106
747 736 1
972 783 635
655 507 883
77 128 1
426 56 88
131 632 686
394 988 0
894 605 811
534 381 544
539 851 0
903 612 934
861 375 267
580 47 0
354 938 538
975 249 344
480 768 1
201 751 465
203 562 91
337 308 1
251 945 334
150 996 520
765 907 1
706 112 787
379 40 680
181 341 1
371 526 52
418 613 587
134 912 0
347 145 30
892 565 128
115 376 0
114 884 620
436 325 973
467 197 1
177 657 200
231 105 598
219 748 0
894 716 340
30 864 336
962 504 1
831 667 428
890 565 238
659 10 0
825 859 278
202 802 524
872 880 1
905 358 971
179 100 913
798 445 0
590 706 409
506 221 291
604 579 0
893 792 459
641 822 576
552 792 0
750 555 580
225 354 575
157 292 0
121 822 259
254 972 859
777 543 0
854 262 486
829 735 66
728 661 1
629 574 958
203 77 929
715 73 0
786 43 876
341 320 330
804 345 0
438 482 203
384 369 550
143 216 0
528 551 232
813 568 489
140 307 1
963 668 839
682 836 342
569 609 1
618 928 132
411 622 481
341 581 1
119 390 811
140 712 852
425 84 0
386 121 675
419 664 694
929 357 1
518 938 209
170 379 56
134 574 1
8 750 399
172 254 748
535 937 1
365 846 356
252 699 171
808 273 0
323 783 788
689 887 646
89 719 0
861 254 267
371 630 155
695 848 1
446 359 972
174 116 909
510 546 1
445 569 926
666 262 637
611 303 1
571 134 505
541 341 695
289 841 1
622 307 981
680 134 124
557 389 1
349 652 342
199 417 726
937 750 0
761 711 100
665 445 582
518 748 0
33 817 361
671 964 94
255 211 0
783 894 475
679 31 648
290 97 0
294 855 992
734 317 572
738 554 0
154 240 981
463 22 160
40 453 1
12 478 500
618 395 262
956 821 1
738 740 810
997 827 841
250 818 0
446 268 306
179 858 709
41 18 0
237 994 31
496 124 149
253 917 1
375 780 131
374 970 461
944 984 1
246 742 191
599 491 767
461 170 0
86 653 124
259 253 774
462 137 0
799 896 859
46 430 736
905 217 0
384 643 25
694 679 359
428 842 0
543 553 238
709 681 977
143 689 0
5 339 684
432 236 426
242 265 0
121 602 757
713 362 444
153 550 0
394 131 77
715 839 740
285 311 1
134 137 796
316 717 963
19 356 0
569 849 489
454 93 429
446 657 1
119 133 598
391 677 183
522 873 1
995 657 13
871 293 649
637 762 0
513 988 494
672 926 867
295 711 1
190 866 538
876 536 514
619 440 1
60 400 945
604 832 882
825 28 0
802 267 411
204 709 922
458 973 1
480 622 132
111 468 930
984 650 0
580 286 325
109 73 896
104 850 0
22 161 361
485 519 585
151 999 1
856 134 155
234 760 379
545 117 0
152 158 922
401 438 595
330 831 0
970 525 408
820 968 157
789 266 1
403 484 922
442 738 466
446 670 1
613 296 729
880 556 966
490 185 0
641 714 485
889 402 65
365 971 0
41 376 587
485 121 103
723 973 0
701 230 598
437 142 615
315 743 1
46 627 925
322 221 530
415 349 0
695 418 955
813 113 410
522 586 0
138 173 680
51 367 967
523 885 0
127 588 684
700 947 318
451 639 1
485 42 104
243 173 664
328 373 0
701 414 837
140 200 982
169 814 1
483 873 485
402 586 0
538 781 0
901 387 213
414 32 297
665 132 0
23 465 469
399 524 212
139 696 0
186 95 512
816 592 479
302 568 0
117 2 626
638 868 70
541 178 1
946 976 635
494 253 285
191 496 0
652 208 620
553 803 660
992 431 1
958 892 943
755 945 343
634 315 0
683 277 366
192 892 49
25 190 0
659 846 267
456 777 309
27 749 1
472 791 637
34 400 4
790 394 0
414 796 837
454 941 205
59 802 0
304 820 589
946 142 392
649 452 0
868 282 390
973 131 367
2 610 1
498 677 232
642 201 471
131 812 0
992 143 691
493 853 588
299 949 1
247 1 175
502 459 324
26 858 0
775 725 958
553 556 566
540 371 0
685 807 28
867 517 533
421 727 0
111 920 124
355 901 371
368 102 1
949 967 406
332 890 924
846 850 0
499 394 251
238 535 605
744 595 0
946 573 628
200 84 984
79 427 1
149 282 348
985 126 899
221 396 0
674 870 538
904 131 420
157 998 1
108 436 142
301 36 798
882 687 0
651 923 209
601 218 389
367 88 0
33 443 276
949 397 676
577 864 1
388 300 598
882 824 734
251 736 1
324 393 984
460 781 908
137 740 0
237 736 152
27 762 864
681 316 1
408 906 580
789 306 511
28 321 1
819 802 554
324 315 80
639 332 1
400 372 265
776 216 961
724 329 0
423 466 131
593 939 997
950 157 0
2 160 623
392 436 970
904 908 0
4 684 226
903 41 37
67 962 0
351 407 126
636 657 818
841 124 0
542 495 356
355 603 34
102 930 0
416 982 184
447 404 277
496 970 1
39 354 815
74 943 881
750 47 0
93 246 724
540 880 76
9 292 0
747 20 772
224 995 532
341 752 1
56 797 181
469 780 164
685 286 0
219 546 753
307 243 229
168 873 0
681 983 512
134 208 260
851 815 0
147 291 339
495 650 154
988 168 0
185 434 479
641 677 484
241 675 0
83 520 91
785 345 419
686 787 0
640 464 183
804 969 678
553 724 0
60 538 742
844 762 224
852 316 1
323 20 846
697 907 578
946 508 1
409 537 232
623 12 107
733 675 0
571 150 53
286 412 468
928 170 0
924 239 982
875 636 289
196 756 0
39 163 216
314 687 630
750 3 1
113 109 212
659 811 240
826 1 1
493 415 514
304 783 565
216 688 1
874 698 494
662 53 917
986 38 0
731 989 344
403 848 817
960 289 1
589 253 652
444 180 618
445 44 1
278 963 250
209 675 384
876 287 0
613 642 77
845 823 269
63 780 1
310 585 760
950 68 858
696 820 1
478 105 769
986 580 337
383 355 0
842 81 53
678 780 190
217 786 0
882 433 389
104 106 604
760 648 1
705 248 402
215 508 717
597 251 1
896 196 302
88 521 393
563 615 0
793 278 701
858 254 304
71 855 0
985 545 235
613 110 697
174 336 0
380 411 601
239 920 816
160 311 0
974 716 835
694 857 121
456 740 1
904 686 444
309 690 207
92 12 1
728 768 729
10 962 166
228 233 0
479 655 730
956 346 347
640 660 0
447 677 856
464 399 320
404 637 1
467 162 191
792 403 415
501 245 1
25 448 908
848 888 545
257 48 1
977 422 846
149 170 879
799 263 0
501 638 514
683 240 303
358 677 1
211 406 870
939 627 467
221 125 0
977 243 723
790 58 10
804 231 1
882 838 240
546 855 666
301 845 0
183 644 402
651 353 87
625 561 1
129 182 179
6 990 156
372 864 1
846 177 72
616 454 19
319 135 0
677 274 572
168 501 417
333 466 0
837 328 724
129 138 887
210 646 0
514 683 660
598 884 621
453 786 1
714 243 41
67 207 548
230 630 1
938 769 278
578 36 268
278 687 1
183 992 41
910 974 713
652 132 1
743 614 406
589 525 499
69 568 1
56 397 33
924 939 73
974 186 1
10 511 748
934 698 27
362 156 0
711 316 971
740 562 427
170 489 1
912 269 676
256 784 509
827 37 0
898 505 505
769 334 81
725 364 1
819 146 896
95 589 396
921 417 1
616 527 177
14 363 92
626 812 0
782 895 742
819 646 671
292 573 1
684 537 177
48 530 968
63 828 1
213 117 585
749 175 9
137 655 0
151 92 343
977 900 556
155 311 1
491 661 894
998 570 141
390 140 1
927 589 465
670 341 851
599 738 1
682 764 341
577 817 261
14 231 1
1 833 468
547 541 632
342 440 0
842 700 515
457 740 819
503 199 0
842 923 870
105 88 860
92 859 1
881 85 106
413 534 234
847 598 0
877 367 961
536 256 682
48 927 1
124 993 340
718 494 129
215 575 1
15 728 384
416 887 258
881 255 0
558 634 760
53 624 782
437 935 1
978 447 891
429 687 803
757 486 1
823 294 774
970 36 47
452 913 0
404 697 835
137 442 892
459 754 1
904 924 287
245 285 771
225 4 1
525 49 918
508 9 720
474 396 0
709 391 429
891 636 625
315 37 1
288 243 388
844 766 579
692 780 0
942 231 56
48 180 290
68 875 0
5 361 121
571 530 308
225 883 1
212 33 967
452 976 71
263 491 0
57 22 800
128 564 180
669 759 1
575 55 967
793 634 35
696 671 0
692 53 4
632 830 854
827 43 0
353 467 72
98 112 380
97 925 0
184 438 261
370 782 838
356 649 1
858 688 578
865 518 373
858 258 0
830 797 742
566 578 436
819 337 0
452 559 894
361 840 323
476 446 0
795 227 190
210 194 256
643 951 0
747 566 122
847 608 564
687 737 1
463 372 177
151 371 808
550 193 0
263 942 347
677 33 561
293 276 1
321 230 131
564 36 332
133 37 0
545 100 532
282 653 510
406 537 1
645 534 128
66 791 243
965 981 0
223 859 989
909 876 21
133 228 0
708 186 289
606 997 872
391 785 0
105 374 405
824 19 536
699 646 1
248 402 864
858 601 198
284 314 0
228 374 485
936 684 286
56 18 0
607 342 800
786 848 135
756 292 1
36 696 503
459 634 683
572 958 0
635 708 630
198 283 437
982 347 1
23 906 35
104 473 430
616 520 1
500 784 465
98 380 351
16 360 1
132 941 620
127 478 134
544 83 1
35 789 34
392 601 861
457 828 1
378 741 260
625 230 311
542 840 0
527 274 697
987 771 962
803 995 0
275 439 342
623 278 547
135 211 1
866 232 156
251 402 995
811 79 0
584 67 301
317 77 766
950 743 0
638 661 815
904 993 480
510 645 1
294 632 28
933 888 593
566 473 1
605 237 175
162 354 283
739 157 0
819 294 988
111 873 573
336 310 0
226 670 365
708 361 161
60 753 1
537 50 81
305 910 523
154 251 0
846 233 575
396 916 488
386 19 1
992 207 948
957 52 312
198 487 1
723 431 39
551 548 421
998 885 0
224 593 313
958 83 659
978 758 0
473 12 243
427 726 897
116 807 0
700 992 650
269 575 464
884 876 0
628 779 39
889 267 83
967 538 1
819 535 113
115 464 833
130 462 1
346 710 879
797 268 904
855 888 0
477 95 302
106 586 242
613 6 0
221 310 917
265 707 506
563 366 1
48 533 374
952 250 850
991 197 0
54 87 762
181 453 293
367 53 1
677 233 762
784 126 148
879 547 1
722 528 978
764 538 658
435 420 0
500 600 146
325 644 86
617 807 0
581 690 380
317 766 634
288 225 1
774 991 248
665 979 404
386 254 0
691 672 856
134 861 387
627 16 0
870 969 87
135 838 64
264 199 0
712 359 159
741 831 217
976 147 0
799 217 1
92 740 98
633 411 0
946 69 849
419 13 708
184 965 0
962 868 885
706 963 230
500 946 0
667 887 969
223 513 940
949 443 1
545 671 303
830 762 705
2 528 0
782 620 697
907 736 245
199 282 1
395 188 713
27 35 776
224 780 1
722 310 32
764 493 82
460 519 0
614 118 846
918 237 153
293 34 0
905 505 447
803 981 831
152 23 1
418 823 399
858 782 75
685 413 0
952 698 740
839 755 378
480 887 0
460 569 792
878 501 844
933 633 1
472 66 194
884 493 182
834 849 1
924 316 402
179 19 335
467 377 0
774 74 226
102 66 895
102 543 0
505 941 582
901 874 869
669 712 0
944 475 308
225 720 777
167 497 1
345 182 757
426 610 453
931 518 0
278 783 5
350 509 74
984 890 0
956 957 4
671 848 636
907 597 0
519 472 556
455 368 273
85 629 1
62 682 922
964 484 653
963 920 0
204 513 823
29 529 321
273 896 1
267 962 580
820 487 147
528 575 0
518 314 867
623 118 983
999 173 1
590 768 626
532 337 151
551 259 1
795 573 851
924 867 744
182 889 1
908 794 657
62 445 23
767 711 1
469 363 835
653 511 346
129 330 1
395 490 717
633 448 241
52 150 0
563 585 729
280 884 357
734 381 0
85 344 73
381 824 606
539 709 0
927 750 934
676 416 522
766 846 0
719 503 622
913 955 386
491 948 0
63 176 535
185 21 825
482 622 1
943 9 705
756 466 299
375 922 0
135 453 963
219 167 900
769 268 1
373 363 390
638 225 109
540 54 0
261 583 515
173 944 610
907 850 0
776 44 286
183 730 67
706 594 1
15 914 684
300 280 681
970 801 1
991 732 989
124 386 569
390 553 0
846 642 467
306 178 718
133 414 0
724 28 788
261 894 451
926 265 1
761 894 195
356 332 315
903 480 1
305 745 249
68 572 888
539 643 0
38 362 227
701 177 921
530 798 1
590 696 742
815 548 300
130 990 0
598 326 5
554 895 84
244 879 1
416 264 708
22 46 571
668 791 0
247 693 355
523 804 732
461 33 1
869 653 94
101 914 919
268 47 1
401 217 981
598 305 360
940 635 0
378 121 419
188 487 296
264 412 0
514 634 572
740 856 812
675 570 0
332 562 91
600 673 363
234 744 0
291 746 684
409 86 799
339 492 1
890 989 515
654 837 609
841 312 0
885 937 709
943 442 492
273 701 0
490 153 267
324 449 715
382 448 1
271 833 91
48 515 693
260 517 1
31 445 878
857 324 36
636 428 1
249 284 548
578 83 568
338 186 1
643 594 682
977 86 385
715 843 1
170 186 828
397 479 118
881 986 1
945 30 92
517 690 2
867 783 0
533 325 447
484 646 173
593 924 1
925 525 451
103 55 454
918 984 0
847 189 342
96 930 413
592 898 1
388 163 467
351 832 711
298 692 0
46 489 153
852 356 237
691 724 1
238 471 165
396 848 403
122 163 1
599 356 389
959 214 316
178 767 0
967 976 734
688 847 847
87 649 0
783 230 630
152 254 539
15 437 1
214 742 309
864 430 600
150 65 1
901 895 465
223 633 641
621 309 0
564 985 843
282 764 120
295 757 1
916 741 766
558 409 627
139 837 1
504 572 181
326 215 46
845 583 1
514 909 0
158 829 272
1 879 0
177 148 500
39 73 502
235 146 0
819 466 678
776 32 504
350 26 0
520 397 39
454 897 752
488 366 0
721 704 624
945 64 927
630 486 0
569 392 788
569 258 383
938 664 0
965 368 740
23 319 552
331 292 0
54 82 568
844 819 655
688 801 1
889 120 93
594 413 813
828 678 1
682 561 767
371 58 456
38 237 0
846 433 130
742 695 932
198 893 1
93 466 62
29 509 529
577 213 1
413 231 631
750 517 110
999 237 0
736 34 586
954 442 85
561 489 0
906 196 717
922 454 866
203 559 0
761 653 339
374 313 29
870 243 1
975 509 724
665 470 279
787 544 0
603 433 312
915 501 863
710 188 1
229 217 243
187 797 239
488 471 1
586 739 141
480 729 707
294 728 1
240 943 625
193 662 369
365 174 0
683 219 451
293 568 358
572 740 1
967 856 423
546 598 996
219 415 0
429 490 672
465 596 257
328 503 0
590 177 921
2 897 63
945 438 1
458 893 241
742 495 805
165 118 0
232 838 480
859 589 143
244 101 1
899 253 775
373 155 219
847 372 0
793 891 231
509 111 61
293 737 0
296 210 928
712 99 266
325 335 1
567 185 125
81 350 463
135 953 0
274 978 961
607 372 712
512 974 1
563 475 774
19 216 714
926 995 0
797 125 837
223 951 674
68 573 0
849 898 451
578 305 848
474 466 1
264 436 474
518 295 508
766 418 1
907 155 20
845 584 55
743 836 0
539 65 997
593 143 942
930 234 0
843 467 843
52 17 960
937 12 0
493 958 279
714 586 208
745 103 0
97 949 334
601 173 43
83 941 0
199 110 224
555 981 478
224 824 1
901 698 264
710 514 294
402 421 1
154 147 141
516 665 498
963 348 1
888 371 415
108 165 543
128 94 0
166 795 635
280 872 725
96 387 0
38 896 626
776 880 728
895 989 0
394 308 332
132 578 750
511 333 0
467 769 324
684 430 48
674 378 1
243 157 290
195 761 563
76 916 0
79 731 984
20 578 685
278 215 0
130 61 428
257 845 108
58 439 1
683 183 164
599 417 457
861 500 1
314 122 523
695 67 114
670 826 1
616 931 550
929 509 51
431 123 0
150 295 154
936 447 50
110 499 1
534 992 224
288 679 677
9 40 1
861 857 190
565 231 400
328 367 1
198 137 981
657 453 937
594 749 0
448 308 614
908 882 698
738 611 1
274 228 414
768 184 189
626 501 0
12 694 909
539 836 905
967 237 1
744 995 212
201 279 957
459 774 1
887 348 213
999 497 562
942 282 1
264 42 54
924 171 123
16 197 1
31 86 934
296 428 670
18 693 1
306 868 469
75 170 322
989 851 0
642 457 346
644 404 473
17 646 1
64 158 323
278 478 710
199 441 1
484 242 548
461 66 829
931 720 0
336 808 531
576 288 525
371 196 0
808 162 878
478 832 749
97 560 1
128 91 872
906 569 455
837 374 1
532 21 647
705 862 233
321 282 1
538 573 837
983 228 768
374 57 1
645 826 788
761 25 44
260 483 1
948 110 371
484 900 215
543 510 0
362 930 601
307 47 570
776 978 0
380 866 87
457 212 78
343 173 0
686 422 48
601 262 327
634 91 1
691 782 215
840 626 836
868 124 1
580 184 554
47 5 889
957 800 1
44 403 297
808 269 692
483 226 1
179 722 973
370 580 432
268 778 0
282 819 468
163 563 702
653 976 1
578 946 165
58 136 745
950 786 0
475 769 969
321 792 491
984 940 0
768 572 714
677 864 739
61 449 0
453 740 712
594 637 521
293 550 0
521 427 63
477 10 162
851 948 0
982 531 650
893 478 764
423 30 0
85 767 660
845 640 305
945 447 0
734 927 109
950 127 832
28 713 0
983 644 239
84 248 802
127 365 0
160 387 882
823 947 916
769 844 1
416 523 291
344 476 482
398 532 1
910 969 882
181 686 786
830 558 1
20 599 844
574 896 770
44 750 1
375 607 983
89 907 865
660 827 0
422 309 305
875 648 822
574 776 1
450 309 786
931 310 69
922 517 0
980 220 461
560 181 964
768 857 0
654 530 815
732 540 820
145 648 1
447 271 461
725 900 952
759 257 0
926 836 710
2 946 999
372 504 0
821 774 142
24 854 862
224 407 1
625 154 147
918 831 668
368 355 0
649 904 943
298 268 211
353 698 1
304 618 714
615 669 985
31 462 0
569 632 725
134 429 590
816 667 1
486 446 385
969 135 733
447 128 0
641 908 657
139 899 112
21 928 0
976 814 258
348 227 936
414 916 1
61 466 380
800 445 873
217 332 0
774 678 833
825 736 376
725 984 0
607 916 613
397 795 119
644 883 0
772 154 182
577 413 391
590 789 1
120 635 405
913 26 789
855 520 1
585 462 450
619 560 196
729 345 0
90 740 321
973 319 7
513 281 0
311 212 309
898 472 950
25 256 0
346 771 52
38 723 513
239 178 1
32 922 798
483 334 138
499 483 1
510 813 686
207 310 97
684 409 0
831 476 628
645 203 292
431 640 0
395 594 56
414 879 95
246 213 1
1 368 469
341 305 643
830 750 1
105 393 385
98 82 221
160 889 1
581 920 532
18 706 446
79 616 0
497 719 116
485 578 688
934 654 1
683 83 787
86 290 871
907 844 0
810 806 201
553 744 555
685 557 1
759 452 636
677 532 890
803 299 1
613 327 816
360 434 42
608 257 1
52 490 819
643 348 814
182 784 0
456 233 497
198 439 477
300 986 0
45 934 626
164 584 980
644 675 0
940 196 407
545 366 754
193 476 0
867 331 258
196 822 735
994 26 1
823 788 160
764 98 275
435 365 0
967 49 170
845 905 368
20 139 0
951 151 967
375 789 349
976 228 1
278 360 361
376 871 594
562 996 1
295 384 489
593 767 280
784 286 1
653 354 972
883 650 214
107 41 1
465 698 947
790 585 773
342 81 1
293 930 917
846 769 352
136 627 0
470 944 506
409 594 534
721 353 0
486 767 450
581 873 537
409 325 0
557 460 492
38 526 295
925 992 0
120 127 862
62 717 470
676 634 1
672 437 911
857 132 706
381 742 0
544 555 887
71 206 915
849 129 1
696 388 626
971 732 350
192 759 1
709 807 927
327 548 959
110 486 0
154 529 651
328 579 115
268 419 1
118 574 571
271 239 581
571 164 1
573 871 265
614 5 178
820 108 0
609 942 226
545 256 317
188 802 0
609 317 104
85 946 270
743 291 1
724 548 653
292 284 783
103 721 0
205 675 144
408 676 310
366 401 1
649 331 317
23 987 597
932 678 1
37 914 287
308 59 826
480 407 1
346 907 604
759 986 353
888 558 0
641 859 922
466 400 307
299 264 0
722 525 133
700 8 443
773 416 1
986 133 151
244 991 439
360 637 0
204 99 413
235 922 949
921 10 1
650 837 404
182 92 223
258 567 1
930 988 830
656 697 99
511 101 1
732 125 341
509 234 785
11 261 1
105 177 134
103 809 145
166 730 1
601 14 619
243 858 192
572 388 1
791 21 488
817 789 616
505 895 0
946 19 86
459 131 281
135 907 1
221 290 837
348 406 199
430 172 0
163 366 198
190 36 440
63 791 1
949 139 774
79 958 354
688 843 0
809 379 955
278 970 759
301 776 0
291 144 980
705 434 6
462 276 0
135 910 310
946 592 424
902 659 1
35 546 389
909 963 68
96 371 1
580 24 491
841 815 994
200 740 1
279 978 89
865 921 704
116 104 0
13 783 392
613 208 558
355 164 0
966 545 342
163 118 412
2 717 0
276 713 74
278 177 326
781 481 1
1 625 302
674 693 912
848 987 1
556 833 523
797 17 284
414 104 0
249 805 998
963 633 939
727 601 1
418 848 653
437 700 501
458 361 0
184 497 23
719 479 662
955 576 0
879 513 343
455 381 716
334 516 1
913 433 740
262 549 425
662 663 0
10 654 867
50 512 394
674 615 1
937 762 849
585 845 741
298 49 1
812 771 258
775 544 163
261 528 1
273 728 0
110 169 377
344 320 1
261 433 637
621 88 111
734 573 1
918 129 919
862 167 801
555 52 0
275 512 272
525 253 611
540 36 1
143 321 405
692 680 338
533 513 1
796 710 198
985 731 910
116 190 1
919 918 424
620 295 979
734 671 0
33 88 49
319 236 794
358 944 0
47 941 149
490 869 253
681 468 0
969 976 257
810 515 11
123 815 1
458 846 291
395 90 496
662 932 1
737 701 415
742 482 288
566 82 1
700 805 332
839 768 809
533 492 0
591 875 313
991 76 422
999 147 0
986 839 29
328 969 15
923 667 1
367 833 902
913 705 197
948 8 0
818 467 400
655 773 673
359 627 0
12 214 825
389 26 583
243 279 0
273 816 363
841 633 944
974 862 0
796 116 754
485 659 458
298 471 0
13 189 288
703 855 176
655 624 1
877 774 952
88 825 747
317 872 0
761 669 590
974 920 26
137 546 0
669 993 625
857 883 592
284 505 0
14 822 685
742 905 638
28 705 0
758 554 942
282 996 397
552 957 1
835 63 585
121 95 331
812 939 1
702 510 229
737 356 18
937 671 1
402 503 88
966 298 263
438 965 1
88 822 578
274 621 791
487 629 1
306 800 910
107 483 518
181 740 0
223 104 145
478 509 45
137 767 0
911 658 653
11 965 431
486 681 0
53 216 860
526 715 665
454 478 1
962 599 887
834 587 875
833 59 1
893 345 759
568 669 204
482 188 1
880 781 862
52 466 907
534 449 1
273 271 40
422 660 167
930 283 0
641 178 877
960 147 756
215 128 1
540 581 942
192 909 433
87 972 1
261 875 254
130 860 778
607 546 0
163 862 459
757 736 954
246 914 1
659 638 885
681 561 540
291 97 1
670 597 961
758 115 542
815 424 0
72 649 966
738 531 976
288 97 0
930 402 920
738 70 381
609 962 0
28 674 160
57 287 96
452 150 0
945 847 826
847 626 102
449 903 0
493 833 433
577 779 577
259 831 0
568 246 631
162 112 951
921 583 0
545 387 780
863 710 210
0 692 0
750 554 162
778 479 827
296 33 1
841 16 796
405 856 824
699 382 0
808 823 136
260 49 206
320 982 0
864 240 354
2 666 150
344 308 1
143 393 535
150 925 840
780 68 1
481 474 647
896 583 898
662 78 1
567 324 384
659 683 551
252 65 0
856 82 849
917 975 139
657 930 1
482 824 390
900 362 527
931 599 1
676 655 413
931 356 617
493 882 1
503 604 799
121 67 603
818 996 1
277 618 328
109 651 169
13 349 1
795 566 508
341 425 584
749 146 1
792 237 156
545 945 526
739 603 1
194 145 952
462 706 546
385 696 0
819 312 222
76 936 731
959 964 1
651 944 1
519 427 345
729 733 0
140 451 7
879 470 574
297 814 1
815 795 408
993 305 362
676 198 1
474 402 764
776 113 893
769 479 1
941 326 315
297 578 946
458 896 1
857 343 593
299 596 448
13 280 0
130 406 752
209 768 187
259 626 1
684 952 779
521 441 719
665 220 0
306 45 762
544 930 935
965 770 1
824 70 768
536 817 761
194 126 0
509 201 860
897 247 452
847 712 1
473 612 114
185 751 721
784 191 0
597 38 714
467 757 874
702 966 1
122 828 493
131 925 172
494 449 0
562 8 926
209 351 855
305 267 0
9 98 446
31 761 689
535 849 0
470 167 787
258 926 225
276 444 1
917 996 522
720 907 560
668 1 1
927 216 507
698 206 797
667 575 0
730 400 374
239 458 941
464 209 1
962 435 147
375 165 699
920 822 0
776 901 569
716 479 656
821 369 1
217 986 81
673 701 541
626 820 0
285 300 116
728 973 755
888 493 1
363 580 614
897 201 599
655 370 1
556 231 884
126 968 608
274 965 1
863 447 584
268 394 298
305 173 0
368 459 862
82 612 375
400 774 1
908 735 587
611 913 370
613 303 1
773 90 678
185 957 737
255 790 0
876 477 473
638 460 642
361 262 1
905 263 859
378 908 784
378 803 1
995 36 119
890 958 255
366 727 0
71 715 451
572 902 137
713 778 0
540 832 468
668 598 738
118 456 0
738 435 291
536 327 434
972 833 1
819 539 286
257 351 105
82 179 0
93 524 539
508 582 528
410 6 0
449 811 944
510 768 16
837 784 1
386 536 675
66 645 193
575 623 1
948 586 341
675 752 853
144 529 1
34 536 505
221 699 247
969 818 1
73 178 135
363 136 591
430 305 1
471 674 226
780 948 790
298 19 0
544 315 256
163 155 596
640 491 1
385 568 656
682 697 314
69 944 0
849 172 619
801 956 903
688 616 0
909 992 904
45 134 202
43 908 0
681 186 853
449 898 442
833 552 1
426 1 536
942 414 868
570 52 0
55 963 8
346 238 445
983 355 1
946 605 68
858 856 228
909 704 0
857 278 109
311 1 612
834 206 1
24 969 714
932 362 867
804 443 0
832 749 119
564 175 529
998 737 0
59 959 130
674 539 292
262 437 0
372 927 692
957 75 921
634 547 0
389 822 291
849 656 383
449 252 0
35 81 112
106 264 25
0 146 0
156 872 503
761 33 118
921 718 0
218 776 758
704 28 206
934 38 0
129 578 201
314 996 62
349 7 0
222 30 151
606 799 212
971 570 0
849 195 411
689 790 305
762 310 0
227 23 675
273 386 537
749 633 0
110 44 742
917 433 407
972 821 0
665 691 223
420 222 985
95 35 0
754 826 601
929 373 490
309 357 0
87 403 166
796 309 102
731 529 0
309 650 179
280 120 879
907 392 0
207 462 142
907 458 13
197 800 0
737 377 412
411 611 336
200 976 0
622 245 168
23 884 668
553 341 0
604 133 565
628 589 109
677 271 0
604 985 810
65 827 820
41 669 0
399 439 257
307 558 231
650 132 0
453 53 300
311 990 313
350 294 0
446 782 37
546 113 919
368 216 0
998 22 874
422 473 313
822 794 0
661 730 542
340 852 588
148 271 0
536 696 341
894 734 190
477 775 21553
408 181 542
852 27 974
402 327 0
447 857 470
691 551 688
846 650 1727413336
178 781 414
481 53 166
618 703 32718
101 179 400
962 847 646
334 923 1727413336
238 815 432
999 739 604
67 515 32718
155 747 472
178 298 152
784 94 0
555 614 981
480 844 478
609 622 0
236 277 961
879 875 699
671 532 0
867 128 801
790 872 429
221 818 0
291 230 403
748 250 332
773 736 1
5 735 447
27 409 400
181 127 679
46 788 857
321 125 206
397 745 490
145 183 16
786 185 511
608 725 1
421 915 6
335 175 395
957 604 849
936 242 619
106 276 18
353 112 271
289 240 782
701 403 807
403 588 1
84 937 713
289 108 324
872 330 857
227 61 678
367 580 839
940 353 795
246 42 676
654 771 885
919 55 1
489 155 817
945 669 904
603 101 679
626 821 101
572 286 530
12 859 535
415 115 343
249 106 225
146 945 1
129 981 303
212 540 241
545 521 679
171 95 388
983 488 249
735 993 760
319 202 606
500 160 861
203 585 0
406 293 700
419 708 570
95 944 679
819 782 872
652 327 518
265 315 870
70 12 11
770 260 423
318 194 1
760 836 913
221 899 841
358 685 857
226 947 305
404 448 572
240 335 54
23 6 365
280 616 466
20 290 0
723 434 386
261 504 487
492 840 795
217 692 444
630 801 288
467 649 746
189 552 858
574 123 182
156 31 0
434 294 145
855 225 918
852 328 760
988 857 403
643 924 407
371 652 57
410 720 756
663 204 146
497 32 1
707 35 505
411 817 434
56 593 746
431 110 877
535 928 223
116 257 41
733 330 721
343 627 682
110 292 0
502 784 967
291 371 277
299 446 730
466 120 533
128 858 313
162 537 374
720 65 429
961 817 246
804 978 0
283 152 537
397 203 217
848 154 490
674 492 127
291 766 571
193 386 122
284 95 122
899 44 497
548 414 1
738 984 516
978 143 564
394 541 857
475 562 776
573 117 653
10 410 880
647 355 131
392 450 771
436 200 0
247 899 755
353 548 582
953 763 271
364 743 168
645 321 622
815 27 943
372 939 351
713 672 112
663 80 1
464 291 402
827 646 79
864 140 54
588 856 225
651 13 773
744 633 925
527 377 242
732 296 57
969 354 1
917 22 902
118 849 743
537 701 730
18 562 857
922 161 131
953 663 264
373 898 228
530 448 227
587 104 1
58 102 726
952 1 965
234 882 760
970 935 811
73 704 95
832 428 810
164 862 35
18 521 457
74 45 1
350 559 860
184 532 758
913 404 374
552 239 717
912 224 216
474 600 306
354 500 557
490 926 927
159 777 0
308 428 393
720 609 414
448 772 271
10 678 925
991 967 742
126 896 843
25 512 192
916 125 625
968 414 1
514 526 507
689 914 942
483 166 746
914 82 307
522 76 177
319 114 31
534 592 31
715 329 757
691 953 1
535 799 414
776 456 256
456 605 57
151 768 377
320 722 283
452 478 52
567 585 457
411 29 479
410 37 0
725 740 578
811 516 478
581 676 760
268 891 850
786 372 153
979 649 969
985 874 834
820 894 280
257 717 0
879 894 301
884 519 108
171 642 795
764 104 756
952 366 18
727 798 965
616 611 110
818 104 589
987 694 1
959 696 734
502 163 586
756 907 746
970 578 615
311 635 44
150 759 33
237 405 318
215 199 277
579 176 0
687 525 900
498 207 692
18 361 843
684 603 301
433 640 330
33 246 993
326 584 659
716 226 673
980 382 0
44 584 128
283 102 87
27 208 730
758 560 510
725 468 126
636 513 657
922 254 866
387 467 539
54 869 0
570 897 976
103 972 52
145 7 52
452 510 949
413 229 518
185 965 780
246 130 911
201 741 316
558 325 0
604 505 365
939 281 63
55 194 843
266 489 814
823 654 78
802 969 72
728 297 225
277 772 365
106 71 1
730 184 87
943 475 829
306 325 490
850 775 177
935 882 747
6 569 77
544 889 286
459 195 760
82 176 0
670 182 448
555 610 600
398 41 54
522 173 262
767 410 383
525 194 459
251 989 293
237 651 708
206 104 0
473 247 948
308 663 493
233 561 795
538 974 431
713 893 624
987 369 232
868 393 549
201 703 720
195 777 1
788 454 85
947 738 564
238 324 965
837 86 266
355 937 787
133 148 920
143 239 647
35 839 108
20 809 1
473 198 839
661 575 853
187 131 965
480 752 271
42 849 202
931 131 928
932 769 781
448 917 529
970 142 1
460 762 517
134 635 183
850 913 943
28 985 5
23 530 864
697 544 494
233 940 508
513 315 575
571 172 0
248 280 176
724 918 409
768 853 52
655 108 577
331 422 591
650 338 505
627 329 538
207 395 9
231 862 1
905 37 766
947 305 759
347 66 54
711 866 832
120 690 417
891 944 729
723 830 490
191 236 600
234 602 0
897 774 819
694 988 234
431 672 57
51 897 760
837 782 663
479 159 493
36 664 732
431 638 964
941 688 0
593 424 821
343 525 140
660 641 72
762 100 424
133 403 648
852 712 282
235 668 365
139 342 4
618 397 0
704 942 448
360 445 916
682 551 746
915 812 241
552 272 778
962 210 987
56 799 393
158 828 946
391 803 1
761 28 12
703 921 120
788 452 795
683 10 30
807 565 967
979 314 856
671 51 875
452 529 644
81 140 0
259 56 635
343 26 263
728 59 849
934 57 342
931 362 352
531 828 487
762 742 415
500 740 669
382 918 0
450 11 65
965 471 423
743 463 987
945 862 681
968 659 599
874 988 722
495 358 488
280 661 137
175 550 1
197 52 158
171 838 724
415 434 870
75 101 976
605 441 689
203 870 226
74 134 865
224 383 867
779 357 1
683 373 701
439 754 519
307 297 722
379 537 884
431 588 743
911 245 218
346 385 873
552 911 20
895 637 1
534 246 778
864 89 865
38 562 264
884 430 751
982 468 116
568 764 757
767 260 926
969 980 113
399 886 1
386 983 969
861 451 835
399 911 928
289 527 620
68 759 20
863 981 837
397 997 738
381 412 190
179 721 0
304 461 397
325 880 72
594 739 843
728 679 638
558 334 832
986 618 684
764 812 549
95 828 333
109 41 1
536 883 619
312 541 268
327 887 218
906 724 653
395 300 102
499 875 475
503 334 952
181 723 773
839 828 1
77 315 432
573 762 631
863 214 857
786 343 240
345 944 144
967 875 828
359 10 86
359 424 643
392 944 0
319 423 483
980 89 736
346 306 856
141 409 268
388 317 182
565 973 175
719 234 946
481 738 134
766 76 1
588 87 563
917 775 555
606 81 760
74 946 944
705 416 999
151 653 465
220 523 444
634 884 665
716 828 1
175 601 556
515 307 162
996 797 943
35 132 259
972 388 781
822 40 911
471 54 616
876 559 961
174 384 0
917 552 853
531 615 560
870 93 943
995 444 406
316 596 339
465 47 201
820 661 517
821 518 542
707 90 0
463 213 890
474 217 994
535 250 282
756 522 837
308 989 363
477 946 216
781 251 12
907 984 926
747 64 1
86 456 396
619 946 609
681 642 987
876 907 949
45 814 38
380 804 654
526 11 761
471 732 713
364 254 1
299 257 28
353 543 679
873 468 654
273 775 163
225 177 482
672 105 884
540 769 929
247 241 6
402 411 1
559 777 672
918 83 189
437 657 41
603 97 69
503 644 221
251 42 177
271 588 128
900 910 56
515 588 1
949 872 668
835 713 467
385 525 679
884 708 717
118 360 824
676 172 191
557 92 127
908 923 496
220 940 1
388 519 472
431 330 649
158 221 33
562 452 670
183 656 724
781 722 613
418 172 525
856 304 733
583 781 0
71 691 979
348 864 659
248 584 843
874 710 381
151 771 95
509 754 251
377 514 191
143 126 430
980 971 1
551 608 877
797 901 560
642 789 264
868 735 511
341 975 541
768 793 557
93 15 836
72 568 678
384 563 1
121 636 720
170 875 987
873 673 465
382 377 20
525 968 888
538 863 472
267 652 517
980 47 331
755 450 1
921 38 90
886 160 111
835 382 41
596 922 564
374 376 816
498 827 948
575 863 43
33 902 21
697 292 1
8 284 597
440 59 595
756 422 679
272 926 666
388 990 479
75 454 231
577 14 110
154 236 85
420 246 0
96 567 137
284 269 950
604 137 987
345 153 182
426 549 566
775 802 639
274 201 846
217 116 565
605 791 1
448 498 504
570 405 540
993 411 226
816 786 587
335 617 803
220 268 622
657 834 786
70 594 20
83 789 1
202 18 888
391 747 758
636 833 374
843 589 968
976 573 538
146 2 589
582 685 62
161 581 704
702 516 0
140 388 796
48 157 780
630 389 622
704 584 768
214 961 28
827 193 265
903 807 377
628 405 857
588 463 0
215 686 491
465 585 226
267 657 780
462 263 659
393 71 808
877 513 235
201 727 503
185 623 855
197 891 1
445 916 301
888 927 332
994 620 622
647 330 896
827 768 529
910 840 319
375 730 500
590 125 656
216 836 0
993 149 562
920 699 74
557 427 849
471 889 436
409 920 884
46 632 142
273 766 221
27 296 288
852 689 1
780 123 754
50 739 507
959 676 884
26 442 10
948 192 231
945 777 22
524 530 59
297 393 206
223 991 0
477 504 430
609 905 825
312 878 843
586 62 170
72 997 938
780 626 781
576 411 509
254 507 909
557 67 1
713 874 347
639 309 666
428 293 856
979 712 389
672 858 230
17 20 628
857 709 647
81 582 141
468 52 0
212 238 273
544 850 639
154 940 657
833 58 275
730 105 727
337 40 416
577 719 226
986 371 274
829 846 0
362 708 525
246 350 543
232 557 729
697 213 104
111 175 942
989 667 517
967 747 645
951 769 434
405 13 1
237 558 949
34 100 944
860 299 264
810 322 279
554 197 963
621 656 515
500 515 933
761 133 895
333 946 1
528 778 759
261 88 605
787 346 928
433 719 608
599 25 940
470 636 931
239 870 241
735 573 22
835 677 0
456 629 192
167 328 451
310 86 72
663 189 816
884 509 678
198 987 274
824 236 266
354 791 579
989 733 1
723 742 464
159 276 488
767 806 515
678 974 996
917 889 262
521 942 236
535 756 717
233 485 237
194 669 1
348 543 798
795 341 575
337 687 684
377 231 463
486 848 269
459 606 127
77 595 233
552 457 704
940 118 1
447 309 469
31 825 476
285 284 911
412 206 23
772 345 37
761 566 661
430 701 832
275 946 47
57 296 1
54 5 223
436 834 473
398 588 57
362 797 754
840 692 673
162 542 38
951 187 524
561 456 899
696 270 0
111 335 469
796 323 778
260 368 928
919 342 982
43 297 545
50 64 811
635 816 145
318 577 400
779 674 0
202 77 594
96 452 838
484 412 265
74 477 621
105 222 291
286 991 631
313 363 110
477 154 795
719 78 0
305 319 288
461 126 683
964 673 374
22 997 260
63 242 481
113 806 168
348 941 616
16 20 898
405 657 1
539 478 89
951 416 952
447 330 274
761 700 317
216 138 559
971 84 79
258 799 715
26 104 970
455 749 0
658 556 370
793 80 491
10 698 679
476 62 158
593 474 478
362 148 775
662 856 476
793 626 324
333 675 1
57 342 625
726 827 496
81 395 201
920 681 420
486 88 26
938 48 406
973 211 565
138 468 478
548 678 0
968 894 574
871 843 742
286 562 828
172 129 820
939 450 134
585 381 195
515 42 623
658 89 396
865 716 1
37 101 601
941 690 878
142 234 746
14 808 264
179 912 17
180 179 667
589 81 972
198 811 391
819 158 0
445 148 878
454 948 522
434 199 475
274 174 274
292 288 805
955 805 947
554 593 322
22 782 245
917 271 0
728 653 191
559 625 234
115 857 218
734 984 514
392 451 245
28 592 538
3 356 202
798 487 916
373 888 1
233 34 713
817 523 570
143 634 236
799 546 632
468 586 374
35 436 991
708 932 823
409 401 544
181 217 0
366 713 17
892 999 518
836 728 993
675 976 87
988 213 599
489 839 399
502 64 837
207 454 424
678 672 1
774 134 108
300 92 490
95 696 884
684 119 448
582 537 247
681 253 174
765 287 608
534 397 151
579 565 0
787 567 620
586 480 892
815 432 191
170 883 843
987 338 98
93 931 758
172 647 463
786 594 908
162 585 1
913 533 383
213 887 79
444 917 218
208 786 229
937 845 349
609 810 602
661 653 36
1 995 844
412 122 0
855 485 690
896 74 990
63 250 264
624 4 964
390 920 596
189 7 647
662 69 963
759 299 536
935 850 1
209 301 213
972 535 9
801 430 730
429 151 148
592 867 365
747 439 878
134 374 610
587 188 72
426 927 0
45 876 528
987 920 734
682 991 746
213 459 883
28 495 424
241 849 800
874 173 252
398 875 33
491 695 1
270 996 917
322 896 876
232 429 201
928 213 156
308 504 598
637 486 988
977 508 654
307 9 785
886 972 0
258 959 605
885 65 145
346 969 57
135 720 188
895 60 964
90 829 696
971 140 173
331 571 853
404 766 0
86 645 552
656 780 960
872 571 613
715 984 420
182 321 247
410 334 972
713 511 687
333 66 53
477 914 0
696 960 235
778 44 94
524 956 993
873 599 342
921 226 777
86 553 302
96 450 116
260 888 968
760 750 0
781 920 110
151 9 718
814 330 475
889 910 231
904 851 532
523 748 469
792 1 396
334 273 76
864 630 0
528 783 309
347 141 660
94 942 264
942 189 61
133 388 317
544 659 179
835 206 378
43 499 898
583 460 1
462 477 367
120 943 389
149 262 174
734 4 111
75 631 73
651 647 645
600 390 239
450 478 487
967 661 0
853 837 317
451 180 283
764 748 639
142 431 401
877 818 739
107 679 254
641 457 545
658 14 857
837 104 1
323 920 729
879 851 748
484 434 122
386 496 9
240 587 206
550 981 39
70 916 413
405 300 801
349 48 0
827 915 634
132 288 375
358 689 589
736 511 94
28 104 23
962 143 503
400 407 397
732 255 908
179 341 1
822 9 689
102 341 697
315 924 79
151 416 295
637 571 193
165 473 136
191 146 60
253 349 924
722 377 1
709 805 386
177 853 813
641 505 667
939 343 948
477 73 901
739 653 507
158 778 98
524 496 778
741 222 1
918 630 429
477 745 720
61 238 282
101 193 935
308 403 178
181 10 372
621 75 486
528 805 460
112 442 1
652 33 956
929 520 703
529 47 870
78 782 155
936 64 320
368 236 981
242 306 109
760 83 583
18 980 1
557 852 895
408 535 679
987 297 57
125 795 664
382 767 943
755 811 751
376 808 243
788 301 610
516 313 1
741 229 304
911 372 367
28 247 654
617 29 495
492 767 687
289 428 188
813 705 433
956 975 849
296 906 1
456 69 155
894 960 441
739 634 493
161 344 169
344 300 990
515 505 651
582 193 157
213 907 417
999 518 1
62 250 548
111 488 332
500 437 374
431 592 488
328 245 657
22 602 765
892 700 312
447 676 996
51 310 1
88 898 817
438 402 435
444 727 487
108 522 553
161 239 327
15 842 796
588 317 781
279 937 23
427 954 1
954 508 284
912 141 164
794 893 201
391 180 638
313 237 74
981 947 886
906 205 415
920 790 257
600 754 1
126 229 209
302 65 929
655 717 589
216 785 136
712 721 324
174 969 512
320 489 533
915 448 196
629 201 1
345 77 868
636 3 351
476 205 465
754 31 87
592 357 949
470 882 209
348 994 927
755 580 530
590 737 1
442 272 473
366 434 359
199 185 931
715 109 168
855 222 94
10 849 53
693 774 792
873 818 576
814 319 1
309 432 440
340 561 555
271 876 319
665 745 706
401 519 96
541 908 763
245 918 52
9 774 707
46 245 1
127 252 436
842 613 172
60 476 494
488 844 782
966 80 906
356 959 203
857 63 618
658 686 390
356 292 0
369 956 126
448 949 388
979 431 746
565 978 457
588 404 118
554 731 13
106 268 47
946 847 776
800 293 1
522 453 854
520 429 149
141 215 191
364 598 12
604 89 234
995 41 159
185 227 764
467 180 881
502 350 1
53 199 115
194 590 292
472 427 730
245 736 123
520 192 775
655 356 990
940 282 48
835 119 381
212 310 1
573 421 702
102 218 453
564 135 857
971 963 539
338 562 20
168 10 474
791 564 992
231 284 508
16 899 0
361 351 626
604 641 784
358 59 72
100 772 154
359 400 517
15 63 435
558 74 485
384 590 324
911 614 1
836 899 776
767 778 319
846 139 493
667 927 989
481 562 948
806 228 409
376 315 961
45 874 781
442 460 0
987 124 182
643 256 372
714 34 179
629 411 146
454 495 574
123 603 25
548 498 536
353 584 150
968 351 1
577 961 295
430 818 440
38 546 645
568 834 877
658 790 433
752 42 902
768 269 532
319 264 573
360 971 1
481 225 937
614 455 32
594 155 763
741 604 957
890 658 253
138 652 703
198 58 996
193 683 827
48 680 0
421 542 605
879 88 661
313 656 505
809 890 427
522 672 762
438 738 724
915 286 831
306 922 472
508 208 0
607 549 712
982 807 977
82 706 53
8 390 586
884 559 233
662 719 388
875 91 865
375 537 148
819 96 0
39 955 511
689 975 488
606 147 965
882 175 804
596 786 957
244 831 62
754 621 169
685 577 681
104 51 0
126 688 290
776 626 996
151 659 639
927 124 239
47 70 898
379 497 559
521 138 757
6 816 348
191 792 0
64 240 245
200 836 385
640 207 409
16 526 504
358 548 208
675 547 132
862 804 101
707 701 533
59 988 1
797 115 979
364 647 747
329 493 232
990 988 498
977 317 13
823 686 945
404 687 701
129 928 746
626 511 1
141 885 324
269 4 795
286 143 372
825 491 138
649 6 290
912 482 891
351 22 836
257 125 994
921 326 1
833 137 560
226 76 396
358 541 254
17 542 991
802 928 853
551 298 40
32 894 237
121 982 663
835 965 0
867 15 516
604 930 87
704 486 490
463 986 372
429 401 313
379 284 633
859 186 458
447 648 618
332 219 0
851 680 791
336 724 926
140 618 218
106 375 57
406 90 391
41 478 894
769 165 434
652 231 342
92 347 0
333 481 945
192 550 574
486 444 628
463 49 328
446 395 57
898 639 483
188 45 423
594 819 479
149 372 0
810 218 322
322 528 628
280 970 13
429 74 842
774 829 804
176 554 24
310 483 806
553 713 387
865 495 1
49 340 542
419 436 831
81 958 25
354 808 354
13 268 102
392 887 821
124 619 928
886 302 422
692 40 1
668 653 247
125 506 270
977 67 62
330 75 932
491 425 957
648 671 90
991 9 305
712 225 788
984 69 1
144 859 375
373 404 858
868 215 174
626 579 163
45 262 52
180 843 185
291 544 212
903 549 781
284 438 1
781 293 453
400 297 469
59 684 696
197 589 459
869 102 47
864 493 623
57 701 995
988 939 373
310 321 1
540 889 662
4 577 886
576 181 209
532 975 675
352 270 519
279 662 486
563 410 925
848 630 349
701 176 1
36 181 528
202 616 358
229 906 302
787 633 668
794 962 166
723 739 779
37 804 952
282 475 308
312 371 0
184 283 656
997 677 595
594 379 216
694 455 748
720 688 398
343 34 301
642 850 152
544 926 18
966 892 0
962 964 784
531 810 122
410 758 490
595 956 594
351 708 362
208 458 607
533 266 832
644 664 864
651 903 0
799 386 592
118 717 820
222 329 647
720 390 371
189 364 352
842 589 328
201 640 515
872 427 854
115 699 0
937 480 391
581 942 492
976 891 931
145 271 43
241 698 425
955 719 906
191 873 803
799 441 456
866 594 1
656 422 733
986 185 513
439 886 760
819 439 156
91 294 33
475 103 769
228 84 310
207 475 941
886 63 0
249 942 585
765 607 251
870 157 517
892 265 534
501 49 887
404 82 938
29 548 4
767 672 741
449 536 0
173 179 468
994 708 970
967 248 849
356 169 720
473 125 314
952 192 339
908 702 113
515 114 6
458 770 1
206 364 801
507 138 147
10 878 490
474 531 864
596 790 972
137 734 723
822 221 526
464 545 43
171 662 0
266 43 727
811 747 619
625 100 236
366 683 209
105 148 598
925 544 804
479 935 507
278 14 442
282 148 0
138 728 509
151 301 793
24 754 90
928 370 806
652 239 410
28 190 687
387 589 636
839 950 796
20 26 1
70 221 183
163 1 29
940 849 319
681 210 289
76 557 499
667 40 313
824 509 897
176 328 136
267 16 1
35 899 661
682 37 294
555 263 179
703 263 651
236 756 510
831 127 249
672 888 481
347 860 28
782 52 1
224 627 509
823 888 79
731 19 613
440 522 884
422 22 141
649 570 567
803 381 822
261 420 157
248 356 0
303 848 542
256 761 0
473 871 249
785 889 854
719 973 314
864 470 807
899 23 329
821 116 760
500 0 0
691 661 696
136 186 999
538 489 948
664 812 462
369 244 595
210 515 626
218 270 809
225 689 92
425 906 1
707 614 593
515 483 846
841 751 800
737 700 880
309 443 338
216 778 650
831 68 69
852 969 324
604 296 1
238 94 237
325 4 175
22 295 661
986 664 80
304 779 658
130 784 423
998 832 717
548 365 442
767 947 1
656 336 156
982 608 425
9 401 168
915 30 624
518 232 989
492 902 246
759 653 661
677 510 166
508 340 0
655 791 661
411 819 690
499 877 631
89 837 956
601 929 962
243 957 390
20 144 726
313 861 577
396 279 1
616 969 980
370 689 927
510 325 79
389 756 472
785 800 373
16 941 407
267 299 283
882 725 658
54 313 0
435 159 591
673 227 27
454 598 828
968 233 460
240 304 122
990 343 341
993 910 352
62 468 571
873 437 1
188 163 751
824 602 482
651 689 209
307 475 290
140 890 257
96 518 753
115 28 40
64 247 61
804 543 0
413 31 762
982 506 299
261 588 271
478 982 97
656 268 132
932 227 516
942 912 393
5 45 245
986 480 1
568 205 502
570 156 529
500 755 938
735 611 17
709 795 626
470 833 32
483 130 613
861 953 760
617 466 0
440 665 646
180 937 602
869 29 301
120 445 203
103 82 274
214 716 3
496 478 540
818 15 284
528 741 1
617 513 516
633 390 475
321 911 623
993 76 892
466 780 875
835 71 355
507 970 547
102 163 963
532 78 0
830 613 696
871 60 145
614 397 800
827 50 496
248 887 688
334 470 333
35 648 329
174 246 459
606 224 0
714 717 844
15 73 246
671 645 821
418 497 611
556 697 388
84 952 669
381 201 710
377 484 322
582 638 1
48 992 468
520 234 2
20 917 804
43 785 103
145 296 491
132 177 113
873 941 792
452 431 972
171 443 0
95 685 439
614 262 895
990 474 796
621 808 942
520 42 432
662 778 438
736 55 990
617 147 510
210 200 1
255 520 924
643 461 101
404 606 804
890 483 867
678 278 116
716 515 956
766 917 723
4 643 587
448 761 1
705 604 24
916 513 81
84 997 487
29 916 905
66 96 992
154 801 450
237 70 30
820 129 52
810 621 0
166 985 166
265 36 919
577 955 226
687 539 559
780 767 695
790 3 348
815 987 717
68 29 687
33 163 0
120 582 575
817 244 553
958 467 79
218 802 624
289 851 890
969 102 17
574 200 194
669 248 682
324 474 1
7 609 325
820 124 563
937 401 271
872 164 995
266 950 213
244 183 742
280 9 999
600 575 697
177 717 0
662 582 465
633 751 932
196 233 902
317 22 846
899 970 427
779 706 793
873 288 495
616 972 71
481 136 0
636 907 93
763 174 937
90 756 459
58 925 686
70 95 596
925 387 414
900 776 12
948 401 612
887 602 1
778 734 802
196 710 450
598 640 177
894 232 125
296 702 738
421 286 101
787 558 983
860 808 931
577 256 1
955 730 269
860 766 573
191 766 41
524 719 99
127 399 121
585 276 788
75 760 879
418 244 569
300 186 0
541 611 873
630 245 115
862 199 679
598 846 210
150 425 507
129 191 222
218 815 865
767 934 989
435 109 1
74 207 576
874 556 444
650 95 669
518 347 172
990 570 310
979 572 146
185 709 934
405 607 243
207 420 0
797 290 956
392 605 166
708 829 804
511 974 811
383 859 280
687 951 846
464 302 817
22 500 787
996 455 0
30 237 802
425 583 16
634 557 282
276 977 880
369 562 870
810 320 244
217 946 374
149 866 726
407 127 1
207 160 210
958 690 743
863 515 79
949 927 251
805 255 185
481 127 364
353 188 314
870 528 574
745 507 1
371 317 181
620 704 362
131 360 265
767 570 878
714 998 997
344 159 460
570 489 226
723 935 77
815 931 0
798 716 893
614 296 250
722 373 757
730 792 296
453 229 203
2 867 635
629 65 930
438 776 114
78 828 0
90 633 704
25 686 952
262 450 364
760 764 377
303 99 493
439 140 259
132 269 580
213 632 457
472 805 1
6 157 910
49 489 94
353 347 201
988 607 673
919 714 528
120 215 152
827 399 881
211 993 458
431 789 0
867 75 633
529 884 320
591 738 589
816 309 911
488 564 360
875 541 644
718 766 502
490 642 355
713 406 1
70 45 493
937 667 98
301 312 132
562 936 883
833 111 79
115 982 158
499 535 683
813 567 274
32 153 1
316 40 225
987 293 486
226 959 628
735 274 954
342 781 279
586 117 772
485 760 664
340 162 391
894 540 0
62 373 927
762 62 975
736 547 203
534 844 137
365 557 494
397 212 133
508 305 538
291 805 202
844 282 0
431 730 647
102 240 79
631 861 90
398 727 648
962 146 675
90 40 213
888 697 42
840 78 981
177 522 1
12 534 599
579 866 585
655 639 226
383 747 557
35 538 776
62 803 519
