1000 7999
211 121 0
211 357 0
357 376 0
376 827 1
357 946 0
121 372 1
827 274 1
274 628 0
827 68 0
68 20 0
946 132 0
121 509 0
20 577 1
121 790 0
274 477 0
274 282 1
20 854 0
20 663 1
946 396 0
509 866 1
357 191 0
357 915 0
663 795 1
191 14 0
827 287 0
121 144 0
191 69 0
14 985 0
946 652 1
376 240 0
790 293 0
357 997 0
854 980 1
282 535 1
509 420 1
420 783 0
866 230 1
376 600 1
287 914 1
790 957 1
980 464 1
293 667 0
509 863 1
915 939 1
477 122 0
997 137 0
396 680 1
132 731 1
287 834 0
997 983 0
509 659 1
834 35 0
122 281 1
783 686 1
854 58 0
854 371 0
20 695 0
14 4 0
795 86 0
477 885 1
230 37 1
371 105 0
58 361 0
885 453 0
866 769 0
464 434 0
695 994 0
885 393 1
376 890 0
659 76 0
361 322 1
105 442 0
914 248 0
509 590 0
577 690 0
680 186 1
37 383 1
769 480 1
376 736 0
14 718 0
769 645 0
420 508 1
795 50 1
834 700 1
983 280 0
957 877 0
86 708 1
915 514 0
137 517 0
939 183 0
464 389 1
877 602 0
736 766 0
186 959 0
980 666 0
383 816 1
248 836 1
666 343 1
994 21 0
795 229 1
322 172 0
690 288 1
20 330 0
645 277 0
281 385 0
766 207 0
983 459 0
287 650 1
915 763 1
293 437 1
652 931 1
396 424 1
459 624 0
795 107 0
35 297 0
172 411 1
4 227 0
389 905 0
371 528 1
280 349 0
442 399 1
281 131 1
890 781 0
137 425 0
4 320 1
37 646 1
650 63 1
76 185 0
667 969 0
132 154 0
69 268 1
393 338 1
790 269 0
277 847 1
834 455 0
248 672 1
590 195 0
107 753 1
396 481 1
186 245 1
248 858 0
905 368 1
885 164 1
957 188 0
396 809 0
766 3 0
245 289 0
229 689 1
207 179 1
188 404 0
179 367 0
455 465 1
107 234 0
508 630 0
268 139 1
877 337 0
854 768 1
959 405 0
383 241 1
769 82 1
795 694 0
816 562 0
389 815 0
459 173 0
281 78 1
514 95 1
464 862 1
172 916 0
281 93 1
915 77 1
783 2 1
154 510 1
399 592 0
357 947 0
50 907 1
624 335 1
293 388 0
666 256 0
411 124 0
455 75 0
994 958 1
183 416 1
969 11 0
405 506 0
931 910 0
602 566 1
997 401 1
107 928 1
652 318 1
256 995 1
509 218 1
297 260 1
910 456 0
287 829 0
2 377 1
506 345 0
663 564 0
437 276 0
763 55 1
592 675 1
337 970 1
20 81 0
77 662 1
994 619 0
907 723 1
829 460 1
997 937 0
132 329 1
185 279 0
338 936 1
131 446 0
4 724 1
269 45 0
229 53 1
566 286 0
376 557 0
179 296 1
21 999 0
915 726 0
995 569 1
464 428 1
662 364 0
420 919 0
279 90 0
95 147 0
260 153 1
914 74 0
95 233 1
481 145 1
928 567 0
396 266 0
663 558 0
218 162 0
389 403 1
53 182 0
564 409 1
164 353 1
997 654 0
854 518 0
241 649 0
783 190 1
518 126 1
2 521 0
399 549 0
700 524 1
528 674 1
145 648 0
481 80 0
726 369 0
858 894 1
724 874 1
562 202 0
425 347 0
288 504 1
147 678 0
667 804 0
190 796 0
399 540 0
847 316 1
569 880 0
969 627 0
86 143 0
11 704 0
459 228 0
389 484 1
76 571 1
894 786 1
460 308 1
566 267 1
269 497 0
571 832 0
809 520 0
4 965 1
396 793 0
768 166 0
562 682 0
405 181 1
880 641 0
357 758 1
369 263 0
965 636 0
636 749 1
389 149 0
256 327 1
662 208 1
58 400 0
207 48 0
393 29 0
190 952 1
997 960 1
827 688 0
388 842 0
388 433 1
809 789 1
145 975 0
753 100 1
464 551 1
619 258 1
149 56 0
829 589 1
514 604 0
287 448 1
682 336 1
858 732 1
347 129 1
53 300 1
137 940 1
95 104 0
937 306 0
662 493 1
274 657 0
234 725 1
521 752 1
279 819 1
700 740 0
789 415 1
415 676 1
446 140 1
535 920 1
836 168 0
405 530 1
688 735 0
45 5 1
816 146 1
768 743 1
834 311 1
164 830 0
104 213 1
894 23 1
230 378 0
164 585 0
569 374 1
464 981 0
804 40 1
416 787 1
139 216 0
752 761 1
761 596 1
997 580 1
510 851 0
361 849 1
675 801 0
969 944 0
211 491 0
524 568 1
162 432 1
20 878 0
361 653 0
432 778 1
783 341 0
69 570 1
241 677 0
374 609 1
456 943 1
783 62 0
834 252 0
388 547 1
530 642 1
311 354 1
781 351 0
520 444 0
122 737 1
53 113 0
364 762 1
752 687 0
351 224 1
659 210 0
330 219 0
520 767 0
737 365 1
999 291 1
168 148 1
676 902 0
113 34 0
405 840 1
995 893 1
93 764 0
456 6 0
37 187 1
769 259 0
928 61 1
322 197 1
277 501 0
662 412 0
509 312 1
6 750 1
732 956 0
464 706 1
641 13 1
377 909 1
411 214 0
506 451 0
815 209 1
415 942 0
399 194 0
107 681 1
863 10 1
493 901 1
878 292 1
504 685 1
365 199 1
723 639 0
345 91 1
148 637 0
851 984 0
219 841 1
585 634 0
459 972 0
969 305 1
357 97 1
957 655 0
677 72 0
365 850 0
504 184 0
858 802 0
997 821 1
341 599 0
758 325 1
481 608 1
81 167 1
241 693 1
842 701 0
701 534 0
609 488 0
97 605 1
78 881 1
62 328 1
405 472 1
68 133 0
862 945 0
453 844 0
202 927 0
182 523 1
761 852 0
834 617 1
437 696 0
852 346 0
187 134 0
836 427 1
704 721 0
263 977 0
256 968 1
330 264 1
90 824 1
55 904 0
61 924 0
354 900 0
570 421 1
68 138 1
383 714 1
292 379 0
968 856 1
62 348 1
241 751 1
652 60 1
173 436 1
167 771 1
78 84 0
787 828 1
286 709 0
153 561 1
325 304 1
185 485 0
56 806 1
351 661 1
322 193 0
567 161 0
654 476 1
91 324 1
528 26 1
399 625 1
195 38 0
655 466 1
771 843 1
604 684 1
14 482 0
341 123 1
133 290 0
789 238 0
655 776 1
34 494 0
328 141 1
82 717 0
863 578 1
827 593 0
421 797 0
695 912 0
636 310 1
985 362 1
263 656 1
491 614 1
403 632 1
646 410 0
843 515 1
256 707 1
732 647 1
147 402 1
677 221 0
585 447 1
530 553 1
343 810 0
316 702 1
789 660 0
353 314 1
173 799 0
82 275 0
761 987 0
914 67 1
793 96 0
267 418 0
570 756 1
402 119 1
707 668 1
688 765 1
854 887 0
501 883 0
404 159 1
293 770 1
164 825 1
915 859 0
862 390 1
614 742 0
10 12 1
437 41 0
186 101 0
904 925 1
724 180 0
902 872 0
40 87 1
472 366 1
227 794 0
403 487 0
905 988 0
91 671 0
345 903 1
389 626 1
663 394 0
139 502 0
154 938 1
600 871 0
349 529 1
999 450 0
148 601 0
287 98 0
369 471 0
437 120 1
567 713 0
637 963 0
704 326 0
656 155 0
819 217 0
69 239 1
61 525 1
26 755 1
959 527 1
599 911 0
663 431 0
354 811 1
256 438 1
211 973 0
778 457 0
194 94 1
13 22 1
534 711 0
164 0 0
289 130 0
293 699 0
725 408 0
464 66 0
809 382 1
324 152 1
300 533 0
617 703 1
911 192 0
909 350 1
173 658 0
547 782 0
420 738 1
709 730 1
456 215 1
749 516 0
693 356 0
927 302 0
742 392 0
460 59 0
885 71 1
145 996 1
365 951 1
707 355 0
995 719 1
968 414 0
778 785 1
308 867 0
602 83 1
530 812 1
590 307 0
874 613 1
350 982 0
320 391 0
521 49 0
166 595 1
943 882 0
564 19 1
402 791 0
48 869 0
771 9 0
485 270 0
832 136 1
942 232 1
985 748 1
604 631 0
87 462 1
306 298 0
264 644 1
699 498 0
149 397 0
834 381 1
592 978 0
330 28 1
940 545 1
653 615 1
812 463 1
533 993 1
545 744 1
639 962 1
144 360 0
758 118 1
245 231 1
69 831 0
700 128 0
671 271 0
562 313 0
86 772 0
260 607 1
909 51 1
911 407 1
74 855 0
229 43 0
118 538 0
453 974 0
960 89 1
369 986 1
516 536 0
35 92 0
466 169 0
877 375 1
12 478 0
973 550 1
322 54 0
297 253 0
148 178 0
90 24 1
304 106 1
448 513 1
304 430 1
736 7 0
63 807 0
770 426 1
326 156 0
45 359 1
58 918 1
434 358 1
704 177 0
851 237 0
672 522 0
172 898 0
750 784 1
515 196 1
947 470 1
360 102 1
589 734 1
947 160 1
214 380 0
361 729 0
793 923 0
87 864 1
229 543 0
829 961 1
689 670 1
40 697 0
516 526 0
155 8 1
147 838 0
662 949 0
84 294 0
399 610 1
252 489 1
648 262 0
713 964 0
256 205 0
642 651 1
266 860 0
781 979 1
337 950 0
214 469 1
318 16 0
383 837 1
379 934 0
177 200 0
149 823 1
105 339 0
421 913 0
121 715 0
919 413 1
834 941 0
297 423 1
465 833 0
768 265 1
291 814 0
564 454 0
51 321 0
530 429 0
707 511 0
721 223 1
325 612 1
825 587 0
997 255 1
645 251 0
742 556 0
641 932 1
957 27 1
980 15 1
748 110 1
847 449 0
349 445 1
268 441 1
61 176 0
939 576 1
962 583 0
364 243 0
706 808 1
867 792 1
245 691 0
129 933 1
829 594 1
426 930 1
420 206 0
427 954 1
16 775 0
227 879 1
341 780 0
771 665 0
914 65 1
297 779 0
128 226 0
84 733 1
476 496 0
986 250 0
881 544 1
497 581 1
234 541 1
625 204 0
928 820 0
456 222 0
828 598 0
702 505 1
979 115 1
300 747 1
136 242 1
68 813 1
128 712 1
878 992 0
665 468 1
581 435 1
253 70 1
677 17 1
505 818 0
667 127 0
544 875 0
489 303 0
91 826 0
872 317 1
852 175 1
794 142 1
779 165 1
175 1 0
946 622 0
680 370 1
433 669 1
53 284 1
465 440 0
263 629 0
442 212 0
958 495 1
330 331 1
975 247 0
756 73 1
675 643 0
763 673 0
101 458 0
382 158 1
736 853 0
77 908 0
7 244 1
70 236 0
209 563 0
905 921 0
737 621 0
617 461 1
784 537 1
625 728 0
266 386 1
928 333 1
550 150 1
894 531 0
526 319 1
784 679 0
905 171 0
26 929 1
748 548 0
462 36 0
21 582 1
141 739 1
750 422 0
71 479 1
619 323 1
513 532 1
75 967 1
596 542 0
763 475 0
101 387 1
929 278 1
641 845 0
382 483 0
831 332 1
472 79 0
672 33 1
602 334 0
931 473 1
54 822 0
562 788 1
769 760 0
825 170 0
278 579 1
792 705 1
656 151 0
470 44 1
347 876 1
996 896 0
842 835 0
60 565 1
140 373 0
605 754 0
882 574 0
450 117 1
631 559 1
832 99 1
515 39 0
578 892 0
896 603 1
159 352 0
92 419 0
959 42 1
874 955 0
813 917 1
617 597 1
625 976 1
783 555 0
876 384 0
8 618 1
438 746 0
319 575 1
4 507 0
689 991 0
653 301 0
956 344 0
347 870 0
13 64 1
419 25 1
968 839 0
102 971 1
2 895 1
565 52 1
843 953 0
813 225 0
481 868 0
190 114 0
166 406 1
688 443 1
674 439 1
138 727 1
488 503 1
959 722 1
790 926 0
460 299 0
454 125 0
446 30 1
51 201 1
181 452 1
841 257 1
845 873 0
615 295 1
37 539 1
661 611 0
523 519 1
311 103 0
276 798 0
23 616 1
81 948 0
652 254 0
6 490 0
60 774 0
781 163 1
99 584 0
849 116 0
48 285 1
684 32 1
504 572 1
463 716 0
256 633 1
627 865 0
734 817 0
769 135 0
703 47 1
809 111 1
679 846 0
706 486 1
505 664 0
501 109 0
911 157 1
475 85 1
225 198 0
213 998 1
675 272 1
75 857 1
699 899 0
791 886 1
853 474 0
816 989 0
26 398 0
624 249 1
432 273 1
681 591 1
779 246 1
503 935 1
932 220 1
605 500 0
911 467 1
737 189 1
8 395 0
242 46 1
284 777 0
989 261 0
534 922 0
785 966 0
511 588 1
219 342 1
610 203 1
694 108 1
766 620 1
841 283 1
188 554 0
883 57 1
356 990 1
820 741 0
541 315 1
754 683 0
38 861 1
274 235 0
385 88 1
748 552 0
458 805 1
712 692 0
584 848 0
717 363 1
298 560 0
498 586 1
865 340 0
948 891 1
266 638 0
434 635 1
619 889 1
695 546 1
157 698 1
782 757 0
752 710 0
921 623 1
146 112 0
150 800 1
607 884 0
423 888 0
56 640 0
687 720 0
11 174 1
384 18 0
597 573 1
66 606 1
738 803 0
187 499 0
612 897 0
747 906 1
236 512 1
857 759 1
580 417 1
259 31 0
929 745 0
654 773 1
288 309 1
349 492 0
107 112 0
415 113 0
139 368 0
703 882 0
251 341 0
356 237 0
235 15 0
927 254 0
384 466 0
630 555 0
8 320 0
455 733 0
969 864 0
417 284 0
237 39 0
182 127 0
984 170 0
796 355 0
213 427 0
231 876 0
56 830 0
84 53 0
458 872 0
903 935 0
785 84 0
739 760 0
465 15 0
143 819 21553
554 821 0
905 395 2000264280
329 242 32525
613 426 2000264280
500 335 32525
286 567 0
956 38 0
337 613 0
344 318 0
237 262 0
618 856 376
616 683 827
788 23 1
500 332 357
888 14 946
177 636 0
212 811 121
179 645 372
804 621 1
521 6 827
763 431 274
224 451 1
502 716 274
57 222 628
529 216 0
897 541 827
5 257 68
981 965 0
583 687 68
259 537 20
889 491 0
332 976 946
883 936 132
427 514 0
170 915 121
109 163 509
564 832 0
770 233 20
584 232 577
752 25 1
564 321 121
485 414 790
717 24 0
651 181 274
7 34 477
505 605 0
880 310 274
873 155 282
92 113 1
83 172 20
1 974 854
311 872 0
547 401 20
19 338 663
288 972 1
659 132 946
861 212 396
208 852 0
975 286 509
821 437 866
739 607 1
56 606 357
116 680 191
113 148 0
660 2 357
797 60 915
662 504 0
633 774 663
265 401 795
765 646 1
368 238 191
742 92 14
852 231 0
729 377 827
758 396 287
378 795 0
255 165 121
483 327 144
79 854 0
96 520 191
777 16 69
298 637 0
537 984 14
103 809 985
559 469 0
833 372 946
676 135 652
545 407 1
655 668 376
175 934 240
694 832 0
145 240 790
281 752 293
332 452 0
968 974 357
48 261 997
687 920 0
302 17 854
403 914 980
8 948 1
555 310 282
587 413 535
276 17 1
452 532 509
278 920 420
690 986 1
991 204 420
865 902 783
123 157 0
808 44 866
840 595 230
923 807 1
225 773 376
174 831 600
657 660 1
141 359 287
919 114 914
59 328 1
641 451 790
290 141 957
572 274 1
936 902 980
24 520 464
292 166 1
949 153 293
823 798 667
377 132 0
222 224 509
912 811 863
754 100 1
807 720 915
550 865 939
482 461 1
264 822 477
299 618 122
701 837 0
280 53 997
678 799 137
229 623 0
134 289 396
534 951 680
23 622 1
676 393 132
641 469 731
330 383 1
350 484 287
298 979 834
988 454 0
211 172 997
511 231 983
598 314 0
919 343 509
694 299 659
309 953 1
208 207 834
592 545 35
722 146 0
440 631 122
466 234 281
107 415 1
191 839 783
493 802 686
394 609 1
253 185 854
931 353 58
683 871 0
232 685 854
629 54 371
611 961 0
58 109 20
25 47 695
776 935 0
317 420 14
874 498 4
174 65 0
234 225 795
877 387 86
205 77 0
612 767 477
728 425 885
563 178 1
493 741 230
606 71 37
190 927 1
242 195 371
245 67 105
412 57 0
288 423 58
234 299 361
764 155 0
889 552 885
19 870 453
789 685 0
285 904 866
958 879 769
740 456 0
207 837 464
87 565 434
341 958 0
695 442 695
747 207 994
890 559 0
625 374 885
231 132 393
26 379 1
996 764 376
941 194 890
744 380 0
141 662 659
497 954 76
618 875 0
887 861 361
985 347 322
216 581 1
104 480 105
503 922 442
295 864 0
542 952 914
470 679 248
358 239 0
700 737 509
764 777 590
618 384 0
807 28 577
62 53 690
12 853 0
507 511 680
428 893 186
603 128 1
695 410 37
103 631 383
564 548 1
800 510 769
982 40 480
9 601 1
407 478 376
552 745 736
482 85 0
588 149 14
149 298 718
353 326 0
70 444 769
960 750 645
355 83 0
61 633 420
265 708 508
697 260 1
393 429 795
760 749 50
292 852 1
556 660 834
556 430 700
369 959 1
55 452 983
802 456 280
742 728 0
564 858 957
65 187 877
661 194 0
125 717 86
680 609 708
695 989 1
750 19 915
282 947 514
115 430 0
393 263 137
54 968 517
273 951 0
427 799 939
229 105 183
861 61 0
916 842 464
675 428 389
647 106 1
226 336 877
396 102 602
147 281 0
875 861 736
537 371 766
441 493 0
66 746 186
778 82 959
313 547 0
287 410 980
374 391 666
172 985 0
23 609 383
876 119 816
501 543 1
935 71 248
407 440 836
453 672 1
606 497 666
364 999 343
897 552 1
759 583 994
475 509 21
823 26 0
723 496 795
108 285 229
770 385 1
113 35 322
703 50 172
195 640 0
928 994 690
614 194 288
527 418 1
539 200 20
196 945 330
448 306 0
368 448 645
129 887 277
930 35 0
850 483 281
219 180 385
104 456 0
567 196 766
393 354 207
718 767 0
847 220 983
784 66 459
836 985 0
714 570 287
499 653 650
988 222 1
157 625 915
810 351 763
231 84 1
297 720 293
484 864 437
688 414 1
497 209 652
746 855 931
888 565 1
357 112 396
49 306 424
949 167 1
296 404 459
59 762 624
221 368 0
483 369 795
5 551 107
8 957 0
188 644 35
751 287 297
174 747 0
68 691 172
121 807 411
606 53 1
770 410 4
494 367 227
40 461 0
151 405 389
627 230 905
622 730 0
273 382 371
132 526 528
469 617 1
630 346 280
112 679 349
336 607 0
241 657 442
547 384 399
975 279 1
701 10 281
969 72 131
688 559 1
796 254 890
985 969 781
788 64 0
232 565 137
444 355 425
823 22 0
569 446 4
0 343 320
505 824 1
906 992 37
92 753 646
358 883 1
311 640 650
936 463 63
998 581 1
419 14 76
618 218 185
133 801 0
341 634 667
245 970 969
517 357 0
863 956 132
436 302 154
897 376 0
265 120 69
636 906 268
683 29 1
475 36 393
354 363 338
528 549 1
9 326 790
866 249 269
395 87 0
478 260 277
363 89 847
56 486 1
383 610 834
829 474 455
849 554 0
613 997 248
824 732 672
977 596 1
264 810 590
621 755 195
225 909 0
62 341 107
423 175 753
198 239 1
387 470 396
750 941 481
133 734 1
879 655 186
319 702 245
981 653 1
273 510 248
9 595 858
999 903 0
903 911 905
794 469 368
394 796 1
231 818 885
194 486 164
517 189 1
389 857 957
63 757 188
232 973 0
11 280 396
733 392 809
311 120 0
472 697 766
952 248 3
884 154 0
17 25 245
89 356 289
646 2 0
924 291 229
273 416 689
854 456 1
763 812 207
814 831 179
621 120 1
951 827 188
678 941 404
655 188 0
956 137 179
426 129 367
494 405 0
720 105 455
288 360 465
677 588 1
743 419 107
907 831 234
607 90 0
88 715 508
784 813 630
281 161 0
925 525 268
140 449 139
744 328 1
446 350 877
233 170 337
641 142 0
430 226 854
338 55 768
737 414 1
26 315 959
702 798 405
81 215 0
586 635 383
77 47 241
358 644 1
362 140 769
505 597 82
569 813 1
362 661 795
414 854 694
151 947 0
383 243 816
105 658 562
605 37 0
719 677 389
580 777 815
418 937 0
197 487 459
92 441 173
580 572 0
709 706 281
55 262 78
571 609 1
485 617 514
667 48 95
320 282 1
233 557 464
848 917 862
68 908 1
530 652 172
600 658 916
251 501 0
995 280 281
549 190 93
996 899 1
471 422 915
809 41 77
380 396 1
52 185 783
413 754 2
905 538 1
585 334 154
638 699 510
136 667 1
552 673 399
682 179 592
174 270 0
969 265 357
143 152 947
484 134 0
706 23 50
508 322 907
859 498 1
988 29 624
512 496 335
441 898 1
407 257 293
429 562 388
707 352 0
814 700 666
332 392 256
765 624 0
592 638 411
27 254 124
823 867 0
576 951 455
72 447 75
400 492 0
223 579 994
591 475 958
78 139 1
611 254 183
621 197 416
840 313 1
264 860 969
505 178 11
272 256 0
754 358 405
58 881 506
81 833 0
358 230 931
402 0 910
769 165 0
327 184 602
610 901 566
532 285 1
948 484 997
498 611 401
21 624 1
28 498 107
598 834 928
736 223 1
607 291 652
985 394 318
103 194 1
500 731 256
118 414 995
972 561 1
699 65 509
491 939 218
662 840 1
111 774 297
963 878 260
428 338 1
232 786 910
554 783 456
10 621 0
541 379 287
778 723 829
608 241 0
815 184 2
375 210 377
103 378 1
597 162 506
140 726 345
508 499 0
541 449 663
644 795 564
779 673 0
167 495 437
146 971 276
809 670 0
824 516 763
830 839 55
324 893 1
139 230 592
997 521 675
660 222 1
584 345 337
18 448 970
657 858 1
198 923 20
481 165 81
826 539 0
681 419 77
249 669 662
1 54 1
852 570 994
725 147 619
27 395 0
143 763 907
485 658 723
805 937 1
628 816 829
844 84 460
982 549 1
995 167 997
339 696 937
52 937 0
889 941 132
514 856 329
636 208 1
626 446 185
590 79 279
764 673 0
904 248 338
469 404 936
710 194 1
791 131 131
382 387 446
584 954 0
751 970 4
427 813 724
527 271 1
686 660 269
487 33 45
802 782 0
183 982 229
978 113 53
116 102 1
96 355 566
127 882 286
727 373 0
366 849 376
307 768 557
325 914 0
488 150 179
224 784 296
347 442 1
691 428 21
18 596 999
546 670 0
104 29 915
429 984 726
457 316 0
14 648 995
925 974 569
323 405 1
239 249 464
931 944 428
58 597 1
827 589 662
681 679 364
719 797 0
58 193 420
280 40 919
717 210 0
541 166 279
115 168 90
310 350 0
605 441 95
857 483 147
589 202 0
728 758 260
541 8 153
456 294 1
767 56 914
453 936 74
240 734 0
917 849 95
74 872 233
636 731 1
720 495 481
872 318 145
0 932 1
466 854 928
241 837 567
125 341 0
392 6 396
943 743 266
767 823 0
853 328 663
305 237 558
411 420 0
646 710 218
110 920 162
715 429 0
849 991 389
407 616 403
642 131 1
369 526 53
751 694 182
488 611 0
756 666 564
700 449 409
8 496 1
736 933 164
63 137 353
390 587 1
146 419 997
763 641 654
973 474 0
279 236 854
337 341 518
568 661 0
47 504 241
501 845 649
231 795 0
853 808 783
678 868 190
475 506 1
513 881 518
895 969 126
242 751 1
787 498 2
949 257 521
61 336 0
907 53 399
11 822 549
122 888 0
77 442 700
485 709 524
310 224 1
894 878 528
280 481 674
351 717 1
436 22 145
356 686 648
981 483 0
647 909 481
118 576 80
188 71 0
210 864 726
437 942 369
553 743 0
400 955 858
200 270 894
226 377 1
651 592 724
429 794 874
818 555 1
722 460 562
439 718 202
281 165 0
502 290 425
440 420 347
808 142 0
495 77 288
104 14 504
748 213 1
150 665 147
361 789 678
221 235 0
207 141 667
277 100 804
404 8 0
467 558 190
39 53 796
317 466 0
665 768 399
66 998 540
985 187 0
746 159 847
502 232 316
363 347 1
398 314 569
465 859 880
990 727 0
10 398 969
327 778 627
556 713 0
962 417 86
989 69 143
711 584 0
507 792 11
913 584 704
154 608 0
486 534 459
263 823 228
798 551 0
134 240 389
241 602 484
181 320 1
100 882 76
416 678 571
798 37 1
755 620 894
343 619 786
516 98 1
597 873 460
70 102 308
904 982 1
946 633 566
282 156 267
80 555 1
133 948 269
592 308 497
696 291 0
60 455 571
711 596 832
85 31 0
473 165 809
431 264 520
337 816 0
501 991 4
511 484 965
11 348 1
479 348 396
294 893 793
359 772 0
686 938 768
477 247 166
556 453 0
876 589 562
401 22 682
49 271 0
719 571 405
640 60 181
449 791 1
606 749 880
858 501 641
458 444 0
455 675 357
452 432 758
157 41 1
506 588 369
227 900 263
559 55 0
899 261 965
788 529 636
857 173 0
749 656 636
466 522 749
533 652 1
859 398 389
254 533 149
384 614 0
899 690 256
125 361 327
790 568 1
986 272 662
974 4 208
769 520 1
815 497 58
393 710 400
975 585 0
197 980 207
456 511 48
797 279 0
95 808 393
465 672 29
313 774 0
557 69 190
796 879 952
590 564 1
425 146 997
437 67 960
909 425 1
465 774 827
62 658 688
794 19 0
666 543 388
866 727 842
461 516 0
348 423 388
764 37 433
312 316 1
945 108 809
580 451 789
306 382 1
596 373 145
211 901 975
861 0 0
96 262 753
327 354 100
353 118 1
20 727 464
133 456 551
776 202 1
307 734 619
612 55 258
102 64 1
257 331 149
42 970 56
271 898 0
585 929 829
303 621 589
138 65 1
404 251 514
220 638 604
563 348 0
463 225 287
416 817 448
238 454 1
668 891 682
505 179 336
616 918 1
853 327 858
22 334 732
233 342 1
559 174 347
115 335 129
510 426 1
502 493 53
299 140 300
360 817 1
268 120 137
655 937 940
486 190 1
205 849 95
363 606 104
757 785 0
607 726 937
173 969 306
450 849 0
509 340 662
222 917 493
112 318 1
313 951 274
725 286 657
775 903 0
839 500 234
358 421 725
625 457 1
459 188 521
846 444 752
941 445 1
447 849 279
82 671 819
585 628 1
648 506 700
544 334 740
443 686 0
30 492 789
673 1 415
411 30 1
409 91 415
578 875 676
107 900 1
711 998 446
302 469 140
297 373 1
848 169 535
184 975 920
566 190 1
179 477 836
295 824 168
751 519 0
166 370 405
327 359 530
171 173 1
395 599 688
876 156 735
962 458 0
191 226 45
911 846 5
555 335 1
209 728 816
413 745 146
755 306 1
643 243 768
639 422 743
824 892 1
849 861 834
298 488 311
141 134 1
286 346 164
265 920 830
466 219 0
989 614 104
378 487 213
139 946 1
187 127 894
494 54 23
199 38 1
877 62 230
486 140 378
799 934 0
143 571 164
784 79 585
946 525 0
654 269 569
715 258 374
522 269 1
128 30 464
647 5 981
942 950 0
623 854 804
417 863 40
894 709 1
52 446 416
307 473 787
437 997 1
88 205 139
273 722 216
337 64 0
427 785 752
55 304 761
438 683 1
308 794 761
819 383 596
490 786 1
518 13 997
773 919 580
962 500 1
595 946 510
352 120 851
77 658 0
566 535 361
124 958 849
758 863 1
689 662 675
919 868 801
813 191 0
37 13 969
264 258 944
730 170 0
364 184 211
290 512 491
417 321 0
75 274 524
865 552 568
806 2 1
205 277 162
459 522 432
776 981 1
351 871 20
260 85 878
919 222 0
185 199 361
979 439 653
539 659 0
319 885 432
893 280 778
614 610 1
643 438 783
268 351 341
591 794 0
315 359 69
202 361 570
652 909 1
761 910 241
932 735 677
758 270 0
847 321 374
243 298 609
571 955 1
109 351 456
272 61 943
701 807 1
989 594 783
357 250 62
623 419 0
786 38 834
886 534 252
341 313 0
359 944 388
626 41 547
221 275 1
178 425 530
689 213 642
648 565 1
272 581 311
492 629 354
406 524 1
493 950 781
491 176 351
255 0 0
182 587 520
309 531 444
490 176 0
902 733 122
612 518 737
492 756 1
937 564 53
414 825 113
362 26 0
29 349 364
213 819 762
443 844 1
250 450 752
746 334 687
38 816 0
966 726 351
980 388 224
835 809 1
488 773 659
749 381 210
835 306 0
848 102 330
983 554 219
992 661 0
937 203 520
104 556 767
380 17 0
665 572 737
894 24 365
1 863 1
426 10 999
340 100 291
976 857 1
202 203 168
280 887 148
757 374 1
748 376 676
711 88 902
710 569 0
30 31 113
774 717 34
415 600 0
643 207 405
866 218 840
286 71 1
789 866 995
312 171 893
192 702 1
207 965 93
476 372 764
243 495 0
206 126 456
629 484 6
426 518 0
329 595 37
345 3 187
990 16 1
738 447 769
702 75 259
782 111 0
484 43 928
654 983 61
200 849 1
633 111 322
599 223 197
707 293 1
476 816 277
437 970 501
899 353 0
498 17 662
855 711 412
236 124 0
391 775 509
723 938 312
550 990 1
369 875 6
847 291 750
543 451 1
215 174 732
87 608 956
906 744 0
710 633 464
33 643 706
787 714 1
779 831 641
535 804 13
292 644 1
632 1 377
877 632 909
908 255 1
15 557 411
756 811 214
13 259 0
294 391 506
20 324 451
208 929 0
585 236 815
165 107 209
355 696 1
899 393 415
359 686 942
826 774 0
174 660 399
935 174 194
711 160 0
422 218 107
103 187 681
983 154 1
311 99 863
911 471 10
104 665 1
788 58 493
711 617 901
531 161 1
202 258 878
722 953 292
639 956 1
680 688 504
288 769 685
655 659 1
293 626 365
582 911 199
856 346 1
966 813 723
560 663 639
787 720 0
576 10 345
697 815 91
525 382 1
996 88 148
612 911 637
237 975 0
165 94 851
885 192 984
27 683 0
138 623 219
753 383 841
213 479 1
82 340 585
65 169 634
964 941 0
819 174 459
370 454 972
243 965 0
3 705 969
159 681 305
182 547 1
457 427 357
553 72 97
823 889 1
602 452 957
767 947 655
432 731 0
675 52 677
200 186 72
178 845 0
776 494 365
173 184 850
333 863 0
739 316 504
299 847 184
345 271 0
229 675 858
685 868 802
593 739 0
490 154 997
183 696 821
992 503 1
960 391 341
199 937 599
87 883 0
466 668 758
279 528 325
953 534 1
487 903 481
748 320 608
171 294 1
314 810 81
811 296 167
191 89 1
729 602 241
565 99 693
956 777 1
64 131 842
369 328 701
945 660 0
356 202 701
514 276 534
664 983 0
615 274 609
264 757 488
47 152 0
883 698 97
950 478 605
373 67 1
162 225 78
706 210 881
218 442 1
719 64 62
511 4 328
204 171 1
755 526 405
410 422 472
898 957 1
216 288 68
449 666 133
697 589 0
200 59 862
570 977 945
464 404 0
215 412 453
868 993 844
997 98 0
90 45 202
27 251 927
721 641 0
534 803 182
31 923 523
605 976 1
993 576 761
662 403 852
817 250 0
643 196 834
673 995 617
788 220 1
696 783 437
244 595 696
534 706 0
912 891 852
40 92 346
945 25 0
973 677 187
291 494 134
914 452 0
789 565 836
710 238 427
199 115 1
236 207 704
223 661 721
517 227 0
66 380 263
952 81 977
659 924 0
231 196 256
357 107 968
890 651 1
63 155 330
253 352 264
945 300 1
869 441 90
934 409 824
754 518 1
522 1 55
162 581 904
271 750 0
596 524 61
618 831 924
244 867 0
273 397 354
436 747 900
436 449 0
86 410 570
279 244 421
361 574 1
833 63 68
2 639 138
384 639 1
626 220 383
718 985 714
604 198 1
869 565 292
458 871 379
634 697 0
221 833 968
633 58 856
855 460 1
674 937 62
9 171 348
667 914 1
135 162 241
116 295 751
41 386 1
674 883 652
882 388 60
739 891 1
692 10 173
115 465 436
580 150 1
520 912 167
862 3 771
746 946 1
62 121 78
60 240 84
834 508 0
881 384 787
235 848 828
572 394 1
755 330 286
354 358 709
82 616 0
204 834 153
924 885 561
534 157 1
199 885 325
479 195 304
684 398 1
929 693 185
809 691 485
578 8 0
490 553 56
284 919 806
658 721 1
855 167 351
690 75 661
736 404 1
695 516 322
349 823 193
471 530 0
807 203 567
957 194 161
167 207 0
64 669 654
713 711 476
650 163 1
555 372 91
816 523 324
763 194 1
539 4 528
108 190 26
29 360 1
589 115 399
101 249 625
734 28 1
661 792 195
625 468 38
516 936 0
287 281 655
292 329 466
160 82 1
610 652 771
228 507 843
11 503 1
531 984 604
516 586 684
385 294 1
673 113 14
727 322 482
145 636 0
471 16 341
62 236 123
708 644 1
330 407 133
155 867 290
928 795 0
606 618 789
485 139 238
735 636 0
994 747 655
824 445 776
548 814 1
945 558 34
823 467 494
812 708 0
790 531 328
947 451 141
929 792 1
332 937 82
660 10 717
204 820 0
357 69 863
927 767 578
378 551 1
219 431 827
230 145 593
973 261 0
175 309 421
925 495 797
189 469 0
395 108 695
493 145 912
570 995 0
562 309 636
821 109 310
889 12 1
3 867 985
379 816 362
595 446 1
273 294 263
940 795 656
355 593 1
123 120 491
894 369 614
746 509 1
184 166 403
915 574 632
342 439 1
212 222 646
780 59 410
167 347 0
961 366 843
428 878 515
886 398 1
157 492 256
345 656 707
573 155 1
642 511 732
234 705 647
646 450 1
682 527 147
799 468 402
406 362 1
72 452 677
724 22 221
403 36 0
324 875 585
57 352 447
936 399 1
138 310 530
112 185 553
240 500 1
120 93 343
932 223 810
320 220 0
725 519 316
480 407 702
770 677 1
140 581 789
454 186 660
95 290 0
806 967 353
2 614 314
861 679 1
115 659 173
622 115 799
29 251 0
634 650 82
392 146 275
134 676 0
345 514 761
758 205 987
263 53 0
253 3 914
884 55 67
702 271 1
54 207 793
51 236 96
431 795 0
711 943 267
501 9 418
581 894 0
256 597 570
622 372 756
345 675 1
390 485 402
529 929 119
890 380 1
100 6 707
749 919 668
454 660 1
639 90 688
601 604 765
893 885 1
171 307 854
952 37 887
458 471 0
377 798 501
106 998 883
445 894 0
829 779 404
26 108 159
758 427 1
121 591 293
754 886 770
390 72 1
298 354 164
35 942 825
32 550 1
382 698 915
158 66 859
459 797 0
902 152 862
697 645 390
345 243 1
585 904 614
627 134 742
884 283 0
815 897 10
472 647 12
307 546 1
86 575 437
721 853 41
971 755 0
108 763 186
66 528 101
567 993 0
605 7 904
1 635 925
906 160 1
992 338 724
750 561 180
255 366 0
232 965 902
814 605 872
983 257 0
676 974 40
80 65 87
784 560 1
149 10 472
906 905 366
238 120 1
602 287 227
184 294 794
603 722 0
459 159 403
512 267 487
339 334 0
970 128 905
477 478 988
90 647 0
702 988 91
775 847 671
270 827 0
784 642 345
58 643 903
950 921 1
972 762 389
226 549 626
376 662 1
130 887 663
797 19 394
821 246 0
924 881 139
247 497 502
463 587 0
163 950 154
584 194 938
978 854 1
355 264 600
575 699 871
927 264 0
927 594 349
26 450 529
119 761 1
686 730 999
427 278 450
303 675 0
639 119 148
54 985 601
763 203 0
892 993 287
160 626 98
584 716 0
526 719 369
913 34 471
782 788 0
964 589 437
258 349 120
663 319 1
783 389 567
867 348 713
759 754 0
10 164 637
41 695 963
110 51 0
425 125 704
495 49 326
61 818 0
685 892 656
806 693 155
939 677 0
343 606 819
55 301 217
340 891 0
923 922 69
926 506 239
12 849 1
125 850 61
891 587 525
689 954 1
435 909 26
149 355 755
575 872 1
62 184 959
480 758 527
711 982 1
896 149 599
346 248 911
452 353 0
491 493 663
929 429 431
851 856 0
997 48 354
210 79 811
890 333 1
66 173 256
914 88 438
106 838 1
214 239 211
801 734 973
443 344 0
419 566 778
636 273 457
781 260 0
767 441 194
479 810 94
863 194 1
658 902 13
678 843 22
180 877 1
322 230 534
478 628 711
826 472 0
462 658 164
298 888 0
162 267 0
843 661 289
992 768 130
967 721 0
292 799 293
684 777 699
890 886 0
663 176 725
382 257 408
698 535 0
997 757 464
45 692 66
974 773 0
210 746 809
745 503 382
262 182 1
884 209 324
172 117 152
461 874 1
782 125 300
56 961 533
619 272 0
807 238 617
95 407 703
135 627 1
65 502 911
992 284 192
71 678 0
880 887 909
796 58 350
823 57 1
944 70 173
646 548 658
542 792 0
172 465 547
148 925 782
814 81 0
352 434 420
916 247 738
832 160 1
858 694 709
467 873 730
550 919 1
660 5 456
841 965 215
138 479 1
751 896 749
338 75 516
656 326 0
525 779 693
904 697 356
435 637 0
680 973 927
893 413 302
428 770 0
305 889 742
218 109 392
85 752 0
676 871 460
342 283 59
306 253 0
605 111 885
21 377 71
255 958 1
868 808 145
259 127 996
107 988 1
759 101 365
986 659 951
238 447 1
759 833 707
205 445 355
664 946 0
747 97 995
514 45 719
973 308 1
599 156 968
90 127 414
291 191 0
783 641 778
221 485 785
914 966 1
278 961 308
469 788 867
224 73 0
78 701 602
777 509 83
696 650 1
316 498 530
941 159 812
901 140 1
536 336 590
402 175 307
782 516 0
566 421 874
18 282 613
699 886 1
457 43 350
957 669 982
318 481 0
879 647 320
134 469 391
866 20 0
231 517 521
730 457 49
211 243 0
695 453 166
855 655 595
379 458 1
408 851 943
154 390 882
490 153 0
321 395 564
476 168 19
140 767 1
826 547 402
283 816 791
968 308 0
153 790 48
736 722 869
557 748 0
243 88 771
33 989 9
612 929 0
749 480 485
679 794 270
273 900 0
534 142 832
825 59 136
11 526 1
667 613 942
263 253 232
398 20 1
777 472 985
597 890 748
425 760 1
994 724 604
684 613 631
851 11 0
22 633 87
324 127 462
836 76 1
100 737 306
186 920 298
703 898 0
678 63 264
666 104 644
628 342 1
914 176 699
898 380 498
865 130 0
936 981 149
989 293 397
561 644 0
906 721 834
17 823 381
618 888 1
412 938 592
908 156 978
953 356 0
615 407 330
147 151 28
225 999 1
815 291 940
900 595 545
52 841 1
92 94 653
179 338 615
216 373 1
158 829 812
108 12 463
67 540 1
319 168 533
25 152 993
999 577 1
890 257 545
85 522 744
422 11 1
992 830 639
519 959 962
98 636 1
119 638 144
289 954 360
620 855 0
32 309 758
571 576 118
390 378 1
430 219 245
911 237 231
349 245 1
856 72 69
503 233 831
434 582 0
338 693 700
533 26 128
131 299 0
165 202 671
47 341 271
391 169 0
177 151 562
401 850 313
74 816 0
453 416 86
628 648 772
419 288 0
854 973 260
70 647 607
642 137 1
418 472 909
992 566 51
518 979 1
600 547 911
21 421 407
90 770 1
334 608 74
447 253 855
875 741 0
315 401 229
119 746 43
634 850 0
35 98 118
310 93 538
93 656 0
568 599 453
222 132 974
192 624 0
409 146 960
734 195 89
302 497 1
198 444 369
490 137 986
990 571 1
327 221 516
5 151 536
757 459 0
106 437 35
200 704 92
394 716 0
974 441 466
67 76 169
950 235 0
202 964 877
964 640 375
188 261 1
358 29 12
718 620 478
167 703 0
502 188 973
334 297 550
876 180 1
21 505 322
420 968 54
851 817 0
934 825 297
282 77 253
286 563 0
440 823 148
675 314 178
732 117 0
731 987 90
212 828 24
807 965 1
356 834 304
588 304 106
278 386 1
810 274 448
283 259 513
520 271 1
329 629 304
347 765 430
313 629 1
275 45 736
410 100 7
431 487 0
34 506 63
539 49 807
514 444 0
452 247 770
15 697 426
244 990 1
267 939 326
634 282 156
494 496 0
558 362 45
185 78 359
806 388 1
99 920 58
896 789 918
700 411 1
115 846 434
757 443 358
251 397 1
679 196 704
900 158 177
964 266 0
405 298 851
939 258 237
242 33 0
831 194 672
132 886 522
830 827 0
912 537 172
622 769 898
414 257 0
415 2 750
864 111 784
538 396 1
83 981 515
286 603 196
738 656 1
678 506 947
142 877 470
617 958 1
580 19 360
117 712 102
985 823 1
701 883 589
258 448 734
575 405 1
194 63 947
660 555 160
507 759 1
706 433 214
919 156 380
395 727 0
807 665 361
808 730 729
659 861 0
646 298 793
132 673 923
930 240 0
425 538 87
815 866 864
138 560 1
537 966 229
912 386 543
296 797 0
353 670 829
533 510 961
460 428 1
845 869 689
814 840 670
382 747 1
147 580 40
993 222 697
587 724 0
521 754 516
314 16 526
79 641 0
615 185 155
22 38 8
971 117 1
273 794 147
53 232 838
841 340 0
215 957 662
789 523 949
1 309 0
194 507 84
829 152 294
52 763 0
362 370 399
386 157 610
198 124 1
473 915 252
191 272 489
276 124 1
666 603 648
167 903 262
448 720 0
29 812 713
592 724 964
868 219 0
636 301 256
718 587 205
375 740 0
108 668 642
665 486 651
287 322 1
365 592 266
214 479 860
11 735 0
126 852 781
516 990 979
176 172 1
752 595 337
511 446 950
772 60 0
529 465 214
224 173 469
251 187 1
720 663 318
980 42 16
981 438 0
438 994 383
51 175 837
198 130 1
60 113 379
142 15 934
75 498 0
808 110 177
646 280 200
458 305 0
881 66 149
679 942 823
382 249 1
730 250 105
472 375 339
3 40 0
572 742 421
192 326 913
670 128 0
477 129 121
198 178 715
637 649 0
431 277 919
468 166 413
325 825 1
437 840 834
328 284 941
661 188 0
117 920 297
675 35 423
38 962 1
549 992 465
264 92 833
604 925 0
184 637 768
404 922 265
125 3 1
852 103 291
739 227 814
382 233 0
605 287 564
119 781 454
559 112 0
982 286 51
296 688 321
144 759 0
495 903 530
325 379 429
507 315 0
726 278 707
608 471 511
143 397 0
292 976 721
257 873 223
51 878 1
587 782 325
102 19 612
314 898 1
532 901 825
645 60 587
186 815 0
410 467 997
536 999 255
531 695 1
159 297 645
92 151 251
298 676 0
36 669 742
256 54 556
584 953 0
689 81 641
209 878 932
460 917 1
205 150 957
711 885 27
381 88 1
471 644 980
74 649 15
368 114 1
935 989 748
575 137 110
825 585 1
799 501 847
10 988 449
901 916 0
762 2 349
864 810 445
460 315 1
583 974 268
374 516 441
840 819 1
448 802 61
234 762 176
555 844 0
324 921 939
124 407 576
59 231 1
425 650 962
247 651 583
851 750 0
966 911 364
939 265 243
701 705 0
946 7 706
213 586 808
347 336 1
20 551 867
379 443 792
856 469 1
184 323 245
161 469 691
711 242 0
703 813 129
928 293 933
561 582 1
810 509 829
293 101 594
552 345 1
187 24 426
567 677 930
941 761 1
771 695 420
733 615 206
138 508 0
844 386 427
104 513 954
432 222 1
828 953 16
412 835 775
165 315 0
218 685 227
577 539 879
672 881 1
511 102 341
677 157 780
219 156 0
730 63 771
852 182 665
315 95 0
325 906 914
872 31 65
545 550 1
564 471 297
873 533 779
287 652 0
944 29 128
295 319 226
641 285 0
485 399 84
835 469 733
163 784 1
194 121 476
278 221 496
780 623 0
196 824 986
766 246 250
294 457 0
341 807 881
29 882 544
545 11 1
579 546 497
941 411 581
979 936 1
622 818 234
277 184 541
10 268 1
392 280 625
52 340 204
717 612 0
647 722 928
663 235 820
684 658 0
613 243 456
355 330 222
51 767 0
785 740 828
474 632 598
977 137 0
751 89 702
675 784 505
250 139 1
718 29 979
704 146 115
697 426 1
297 605 300
129 827 747
286 544 1
257 40 136
134 248 242
711 223 1
607 946 68
683 645 813
816 175 1
857 615 128
241 410 712
908 336 1
537 527 878
38 774 992
883 413 0
791 666 665
997 559 468
885 908 1
524 992 581
54 846 435
616 74 1
499 796 253
613 635 70
857 801 1
290 532 677
551 722 17
509 154 1
832 285 505
287 74 818
411 440 0
828 572 667
583 99 127
28 893 0
392 578 544
946 464 875
910 431 0
176 758 489
164 252 303
174 574 0
335 249 91
979 427 826
667 561 0
911 900 872
165 291 317
407 572 1
227 904 852
822 565 175
936 964 1
894 118 794
214 832 142
436 936 1
116 503 779
857 990 165
858 284 1
545 976 175
828 782 1
915 245 0
38 853 946
942 822 622
785 590 0
808 20 680
130 959 370
776 167 1
799 567 433
941 785 669
634 925 1
946 814 53
384 514 284
193 633 1
822 952 465
352 202 440
284 514 0
489 246 263
286 256 629
626 886 0
625 4 442
747 281 212
621 190 0
157 375 958
61 507 495
498 21 1
353 439 330
151 169 331
359 915 1
821 901 975
105 139 247
555 287 0
905 546 756
808 978 73
663 843 1
700 914 675
137 470 643
545 983 0
976 383 763
581 631 673
391 8 0
855 934 101
388 721 458
397 129 0
832 30 382
922 668 158
407 48 1
877 800 736
715 432 853
631 977 0
665 43 77
729 861 908
908 415 0
719 146 7
81 457 244
905 168 1
606 371 70
452 887 236
101 786 0
777 906 209
554 645 563
197 619 0
15 205 905
45 548 921
848 578 0
419 333 737
418 53 621
155 927 0
137 208 617
286 454 461
168 686 1
528 950 784
673 855 537
383 358 1
271 546 625
443 867 728
111 374 0
626 234 266
404 533 386
817 809 1
86 421 928
499 385 333
838 13 1
836 796 550
102 96 150
880 974 1
768 439 894
288 989 531
749 953 0
310 91 526
844 362 319
514 410 1
776 239 784
33 267 679
121 118 0
67 405 905
555 720 171
284 735 0
142 636 26
366 138 929
50 629 1
554 593 748
186 677 548
702 363 0
317 874 462
773 915 36
958 120 0
163 512 21
109 637 582
715 463 1
353 804 141
220 158 739
690 803 1
530 717 750
999 742 422
790 191 0
576 849 71
605 30 479
505 28 1
18 88 619
168 680 323
538 406 1
756 400 513
553 325 532
705 409 1
900 588 75
924 481 967
417 423 1
654 641 596
100 734 542
935 195 0
355 47 763
119 178 475
958 613 0
522 705 101
602 382 387
76 223 1
581 908 929
250 866 278
727 540 1
66 558 641
603 477 845
662 631 0
752 734 382
868 252 483
974 321 0
487 477 831
394 4 332
487 857 1
23 860 472
72 615 79
575 675 0
842 11 672
736 325 33
940 363 1
784 621 602
136 580 334
431 702 0
378 859 931
934 769 473
319 207 1
810 615 54
101 12 822
2 892 0
794 779 562
167 533 788
256 474 1
255 983 769
336 605 760
154 767 0
67 541 825
122 889 170
248 227 0
387 664 278
827 194 579
676 84 1
33 328 792
278 588 705
874 138 1
623 773 656
717 624 151
81 642 0
58 814 470
736 977 44
305 787 1
668 366 347
826 944 876
300 985 1
664 163 996
380 289 896
29 930 0
24 590 842
568 185 835
578 723 0
393 305 60
84 163 565
536 687 1
127 619 140
624 936 373
178 9 0
214 167 605
528 829 754
13 381 0
270 49 882
529 793 574
132 221 0
696 580 450
816 972 117
234 532 1
588 499 631
220 482 559
505 825 1
779 845 832
994 204 99
409 789 1
57 426 515
65 501 39
267 377 0
564 393 578
971 827 892
753 235 0
493 575 896
766 178 603
838 926 1
30 737 159
195 328 352
618 570 0
713 475 92
701 440 419
194 427 0
225 701 959
929 975 42
44 402 1
132 94 874
384 679 955
454 165 0
49 949 813
146 702 917
499 24 1
258 881 617
628 400 597
523 617 1
954 897 625
273 783 976
220 129 1
937 870 783
629 846 555
498 981 0
696 481 876
726 870 384
890 944 0
844 993 8
339 381 618
173 512 1
124 621 438
884 188 746
639 111 0
221 277 319
175 189 575
454 191 1
881 108 4
96 826 507
495 251 0
779 774 689
719 44 991
266 333 0
485 269 653
680 55 301
777 722 0
402 295 956
669 464 344
870 524 0
891 543 347
757 61 870
644 311 0
255 709 13
780 566 64
949 71 1
889 830 419
667 473 25
292 741 1
155 19 968
305 343 839
539 22 0
515 124 102
440 188 971
481 892 1
242 126 2
735 826 895
814 693 1
72 910 565
916 871 52
692 682 1
263 973 843
994 345 953
853 456 0
953 795 813
705 989 225
341 652 0
594 737 481
502 33 868
520 794 0
45 921 190
494 201 114
222 19 0
988 203 166
926 74 406
221 708 1
273 827 688
343 519 443
52 796 1
559 943 674
798 479 439
679 738 1
661 690 138
914 187 727
894 556 1
967 524 488
149 687 503
692 386 1
789 593 959
2 293 722
894 672 1
41 920 790
842 148 926
359 878 0
854 846 460
150 212 299
568 192 0
878 936 454
408 207 125
872 651 0
747 832 446
726 931 30
838 786 1
514 163 51
976 305 201
149 698 1
975 23 181
465 791 452
503 310 1
740 349 841
337 150 257
57 625 1
694 496 845
670 272 873
158 256 0
513 380 615
689 519 295
800 724 1
723 369 37
472 656 539
284 152 1
310 735 661
800 620 611
41 862 0
451 194 523
146 292 519
487 435 1
817 625 311
705 81 103
24 397 0
752 956 276
444 202 798
805 701 0
967 678 23
851 662 616
768 804 1
274 490 81
889 921 948
558 840 0
334 787 652
449 116 254
783 233 0
901 506 6
262 249 490
865 862 0
196 663 60
465 111 774
951 655 0
551 194 781
392 268 163
593 610 1
240 689 99
501 658 584
651 930 0
962 530 849
869 288 116
507 131 0
667 729 48
565 394 285
430 222 1
80 527 684
322 768 32
521 187 1
258 685 504
944 780 572
813 988 1
917 191 463
148 345 716
738 33 0
808 378 256
625 418 633
45 717 1
214 906 627
876 984 865
681 45 0
299 227 734
357 10 817
604 364 0
828 904 769
333 706 135
155 846 0
119 539 703
649 949 47
433 894 1
661 600 809
384 343 111
247 439 1
339 161 679
517 929 846
735 614 0
613 735 706
856 36 486
286 562 1
229 467 505
533 759 664
851 670 0
709 792 501
810 414 109
904 65 0
792 98 911
935 335 157
697 565 1
81 584 475
589 611 85
285 642 1
647 267 225
589 765 198
887 241 0
742 914 213
282 675 998
203 70 1
594 188 675
292 420 272
987 545 1
510 28 75
901 361 857
446 207 1
209 532 699
465 893 899
483 170 0
594 756 791
275 389 886
566 695 1
721 386 853
253 307 474
225 208 0
680 233 816
57 146 989
922 372 0
745 848 26
412 692 398
697 576 0
186 792 624
573 698 249
709 793 1
768 581 432
339 319 273
910 677 1
373 15 681
694 662 591
931 22 1
199 143 779
735 384 246
589 919 1
452 933 503
858 344 935
434 475 1
394 378 932
923 602 220
465 871 1
668 921 605
915 341 500
816 952 0
428 969 911
239 635 467
819 75 1
777 123 737
610 973 189
949 830 1
832 463 8
658 922 395
655 589 0
901 987 242
575 590 46
984 872 1
181 226 284
280 611 777
560 295 0
769 113 989
946 859 261
486 999 0
825 742 534
225 885 922
398 363 0
312 79 785
126 167 966
421 247 0
234 284 511
439 571 588
622 928 1
11 106 219
89 591 342
928 660 1
84 319 610
480 217 203
685 426 1
439 550 694
500 164 108
483 150 1
234 694 766
961 162 620
168 697 1
347 354 841
706 137 283
922 36 1
55 694 188
60 241 554
180 806 0
131 887 883
746 539 57
485 621 1
726 238 356
709 990 990
246 960 1
338 263 820
781 852 741
992 721 0
384 33 541
669 352 315
921 948 1
469 244 754
966 345 683
972 733 0
82 503 38
234 671 861
56 875 1
101 109 274
137 598 235
130 331 0
161 311 385
395 196 88
565 847 1
763 51 748
94 211 552
458 755 0
700 466 458
649 864 805
159 155 1
937 941 712
668 706 692
78 839 0
568 16 584
643 939 848
150 112 0
507 793 717
337 182 363
877 635 1
6 50 298
522 868 560
301 629 0
961 997 498
556 286 586
757 126 1
550 965 865
16 21 340
741 550 0
992 987 948
847 271 891
198 779 1
829 151 266
595 850 638
745 863 0
191 734 434
542 138 635
94 7 1
563 370 619
779 698 889
60 976 1
571 747 695
822 812 546
738 693 1
228 38 157
760 593 698
161 13 1
930 91 782
1 255 757
703 147 0
745 746 752
530 345 710
681 281 0
151 560 921
525 530 623
921 462 1
74 384 146
138 512 112
966 943 0
135 772 150
891 253 800
803 703 1
966 522 607
167 901 884
981 462 0
491 166 423
880 868 888
123 680 0
170 394 56
616 360 640
156 630 0
892 369 687
796 664 720
485 579 0
239 602 11
792 347 174
224 228 1
61 690 384
341 478 18
706 7 0
194 760 597
223 462 573
697 53 1
560 390 66
641 929 606
262 501 1
275 774 738
423 17 803
572 575 0
955 953 187
523 457 499
750 683 0
779 451 612
390 641 897
331 869 0
912 709 747
21 719 906
617 764 1
214 175 236
742 203 512
841 918 1
639 280 857
614 418 759
59 463 1
853 535 580
816 571 417
554 570 1
304 181 259
6 169 31
664 173 0
214 51 929
97 21 745
894 333 0
158 233 654
732 101 773
193 200 1
41 59 288
535 83 309
473 765 1
773 0 349
684 642 492
797 704 0
637 548 107
323 319 112
59 855 0
935 161 415
585 304 113
690 285 0
127 374 139
611 570 368
705 560 0
335 424 703
238 17 882
491 839 0
826 576 251
91 53 341
810 158 0
154 139 356
959 991 237
908 65 0
21 63 235
353 475 15
87 229 0
188 795 927
425 40 254
212 646 0
253 369 384
418 344 466
810 13 0
440 621 630
133 418 555
882 631 0
879 428 8
121 918 320
810 58 0
78 541 455
862 746 733
669 421 0
880 290 969
96 721 864
263 878 0
268 334 417
445 724 284
514 978 0
777 705 237
734 997 39
617 124 0
500 624 182
629 636 127
564 574 0
726 97 984
933 96 170
686 370 0
923 223 796
914 92 355
829 390 0
5 943 213
185 882 427
758 30 0
324 771 231
778 377 876
972 125 0
16 793 56
432 564 830
528 240 0
924 304 84
183 844 53
33 492 0
886 844 458
236 681 872
623 243 0
285 401 903
590 335 935
573 62 0
833 914 785
724 394 84
652 470 0
326 236 739
992 379 760
313 322 0
646 562 465
726 969 15
840 19 0
704 428 143
35 466 819
50 113 21553
656 266 554
267 232 821
222 776 0
808 43 905
578 417 395
680 44 2000264280
97 832 329
628 149 242
69 36 32525
963 577 613
199 22 426
713 680 2000264280
703 466 500
138 771 335
476 858 32525
960 144 286
675 821 567
814 932 0
249 924 956
704 520 38
85 135 0
362 216 337
528 280 613
619 616 0
659 710 344
346 472 318
109 971 0
442 227 237
790 623 262
497 591 0
61 570 618
614 165 856
396 824 376
30 615 616
151 46 683
822 563 827
757 766 788
455 704 23
497 750 1
782 902 500
522 638 332
74 586 357
849 307 888
185 627 14
904 217 946
806 83 177
970 435 636
290 283 0
591 244 212
560 986 811
626 948 121
517 144 179
893 571 645
235 381 372
761 156 804
172 629 621
572 19 1
613 851 521
744 478 6
31 309 827
881 553 763
408 121 431
774 9 274
111 22 224
634 212 451
94 554 1
893 979 502
957 72 716
897 369 274
871 812 57
755 817 222
154 97 628
252 716 529
967 388 216
290 201 0
379 880 897
178 695 541
495 339 827
247 207 5
783 70 257
973 35 68
585 582 981
745 27 965
447 875 0
475 3 583
628 328 687
28 828 68
879 435 259
210 525 537
119 282 20
216 652 889
469 199 491
537 329 0
916 192 332
421 682 976
750 950 946
965 733 883
835 16 936
657 555 132
235 171 427
719 155 514
863 167 0
600 393 170
981 927 915
107 992 121
866 944 109
582 899 163
797 461 509
926 754 564
139 204 832
281 472 0
80 717 770
822 876 233
249 950 20
533 587 584
281 336 232
257 909 577
810 265 752
315 295 25
130 281 1
91 74 564
879 384 321
544 452 121
922 583 485
486 474 414
103 952 790
548 971 717
292 331 24
670 206 0
945 421 651
220 976 181
25 624 274
35 68 7
691 516 34
894 251 477
573 951 505
162 735 605
758 424 0
536 18 880
803 83 310
978 945 274
288 554 873
419 471 155
97 265 282
884 252 92
790 70 113
68 161 1
973 893 83
987 300 172
346 373 20
631 342 1
809 194 974
234 38 854
30 748 311
560 919 872
612 616 0
230 742 547
57 946 401
529 607 20
445 631 19
65 889 338
877 745 663
6 282 288
817 599 972
632 910 1
159 714 659
564 518 132
772 262 946
380 803 861
335 186 212
626 619 396
487 107 208
573 295 852
571 931 0
333 576 975
291 544 286
223 263 509
705 908 821
505 313 437
284 402 866
224 615 739
289 457 607
342 364 1
489 98 56
346 919 606
653 228 357
561 195 116
532 498 680
388 127 191
644 274 113
241 541 148
365 289 0
576 933 660
618 138 2
805 256 357
893 940 797
718 514 60
435 173 915
446 742 662
160 398 504
727 801 0
200 838 633
909 945 774
445 501 663
888 955 265
623 487 401
88 494 795
642 462 765
237 939 646
58 750 1
919 811 368
366 654 238
542 112 191
890 26 742
614 110 92
968 915 14
106 92 852
711 225 231
227 515 0
941 395 729
184 282 377
178 608 827
121 304 758
675 119 396
929 865 287
327 233 378
99 939 795
761 105 0
405 385 255
697 955 165
132 630 121
596 38 483
885 366 327
994 712 144
619 547 79
131 252 854
168 998 0
104 455 96
876 648 520
283 462 191
768 654 777
706 389 16
162 460 69
578 625 298
633 301 637
287 724 0
242 437 537
51 617 984
502 756 14
388 720 103
949 910 809
502 599 985
846 347 559
263 469 469
965 684 0
790 405 833
183 829 372
789 873 946
893 133 676
864 721 135
709 762 652
308 238 545
693 371 407
242 160 1
883 797 655
976 17 668
534 30 376
103 951 175
141 230 934
175 472 240
525 517 694
982 357 832
866 755 0
805 232 145
111 797 240
758 301 790
17 247 281
66 68 752
765 689 293
341 346 332
424 759 452
85 504 0
672 456 968
784 502 974
840 972 357
372 915 48
472 25 261
635 168 997
731 129 687
299 647 920
27 549 0
810 235 302
15 624 17
130 946 854
819 737 403
750 932 914
41 866 980
912 851 8
138 910 948
21 664 1
811 186 555
705 839 310
319 428 282
39 882 587
88 308 413
540 811 535
671 634 276
582 882 17
863 951 1
795 568 452
5 506 532
59 0 509
548 967 278
757 408 920
829 394 420
767 113 690
969 392 986
871 428 1
492 454 991
844 104 204
244 454 420
896 242 865
478 186 902
248 881 783
386 560 123
323 679 157
488 457 0
937 180 808
451 210 44
217 950 866
507 950 840
746 566 595
804 331 230
278 137 923
67 856 807
16 88 1
229 983 225
520 215 773
967 162 376
714 296 174
589 81 831
581 26 600
949 152 657
493 895 660
659 940 1
42 61 141
565 358 359
475 490 287
949 862 919
143 160 114
649 191 914
474 794 59
450 960 328
245 270 1
199 98 641
966 690 451
55 291 790
127 162 290
250 886 141
965 145 957
719 433 572
348 679 274
839 952 1
212 865 936
829 248 902
929 579 980
333 73 24
890 937 520
823 497 464
877 516 292
510 179 166
213 316 1
834 191 949
253 622 153
231 632 293
194 264 823
521 509 798
828 393 667
719 987 377
797 79 132
411 480 0
711 994 222
618 758 224
911 307 509
813 940 912
867 513 811
192 388 863
346 617 754
526 907 100
966 636 1
551 905 807
313 649 720
718 405 915
103 180 550
326 692 865
5 379 939
296 467 482
239 933 461
605 222 1
91 673 264
612 424 822
973 452 477
953 118 299
269 284 618
69 944 122
544 773 701
536 850 837
12 92 0
201 89 280
288 478 53
350 261 997
944 342 678
627 686 799
804 940 137
315 725 229
843 635 623
171 778 0
258 566 134
819 639 289
14 661 396
525 854 534
68 55 951
18 969 680
351 367 23
104 204 622
145 924 1
155 782 676
499 933 393
770 166 132
62 773 641
939 651 469
91 165 731
439 84 330
443 178 383
951 342 1
503 204 350
502 415 484
264 49 287
488 38 298
903 581 979
996 950 834
281 785 988
99 344 454
39 894 0
387 597 211
643 816 172
769 592 997
803 841 511
144 154 231
402 839 983
511 218 598
220 668 314
328 466 0
131 810 919
893 637 343
270 492 509
958 893 694
139 442 299
850 403 659
347 422 309
872 44 953
756 423 1
343 317 208
188 804 207
966 428 834
382 339 592
870 546 545
37 670 35
616 302 722
594 385 146
961 296 0
881 28 440
630 178 631
114 641 122
865 135 466
521 598 234
763 772 281
48 287 107
454 442 415
54 904 1
774 45 191
57 736 839
276 67 783
131 731 493
225 856 802
361 54 686
582 827 394
521 944 609
625 31 1
803 806 253
881 195 185
700 861 854
100 464 931
593 293 353
7 141 58
598 154 683
852 455 871
697 208 0
703 17 232
881 873 685
496 817 854
242 648 629
566 519 54
449 983 371
854 515 611
123 911 961
76 316 0
846 118 58
947 574 109
998 225 20
396 111 25
874 539 47
265 748 695
550 374 776
590 430 935
121 158 0
359 670 317
739 132 420
369 899 14
409 402 874
744 910 498
165 231 4
778 652 174
675 442 65
880 986 0
985 979 234
725 155 225
456 597 795
975 843 877
873 359 387
82 165 86
116 592 205
669 736 77
924 955 0
80 710 612
949 191 767
49 688 477
693 841 728
785 256 425
346 933 885
357 602 563
999 979 178
992 199 1
549 18 493
97 716 741
881 27 230
375 337 606
858 311 71
80 89 37
293 125 190
646 158 927
148 721 1
565 22 242
285 490 195
894 195 371
974 941 245
50 299 67
669 854 105
703 116 412
464 196 57
325 436 0
555 409 288
985 492 423
594 19 58
562 811 234
947 617 299
331 884 361
349 997 764
145 134 155
153 107 0
749 130 889
901 379 552
771 131 885
575 568 19
10 227 870
6 902 453
678 669 789
17 666 685
637 844 0
97 344 285
258 819 904
911 234 866
787 417 958
908 363 879
24 44 769
234 696 740
207 374 456
224 232 0
177 987 207
229 267 837
680 473 464
549 938 87
661 384 565
829 282 434
938 894 341
847 55 958
338 310 0
854 757 695
788 857 442
326 924 695
695 227 747
214 865 207
906 914 994
768 999 890
594 133 559
885 530 0
892 520 625
57 460 374
818 311 885
223 842 231
416 792 132
378 863 393
557 315 26
246 137 379
495 996 1
270 659 996
94 439 764
910 118 376
625 199 941
545 903 194
112 705 890
212 229 744
925 708 380
392 147 0
931 321 141
806 507 662
418 682 659
773 993 497
478 373 954
377 112 76
238 497 618
32 753 875
778 84 0
223 739 887
888 134 861
184 601 361
615 503 985
325 475 347
450 183 322
347 395 216
890 50 581
890 532 1
660 46 104
35 811 480
41 160 105
927 933 503
27 595 922
37 836 442
780 389 295
458 874 864
772 336 0
871 992 542
554 882 952
804 122 914
668 140 470
637 347 679
670 850 248
418 738 358
153 754 239
352 637 0
120 80 700
451 612 737
158 126 509
704 673 764
773 168 777
26 177 590
955 233 618
705 927 384
132 477 0
436 974 807
287 659 28
791 352 577
192 82 62
112 788 53
159 635 690
853 932 12
305 775 853
956 653 0
697 440 507
260 578 511
914 999 680
657 548 428
553 729 893
356 566 186
891 64 603
411 572 128
558 808 1
674 701 695
674 355 410
884 771 37
5 439 103
356 765 631
91 992 383
771 827 564
602 708 548
372 211 1
874 720 800
947 458 510
632 529 769
363 377 982
987 957 40
506 898 480
237 254 9
649 745 601
953 454 1
371 414 407
317 140 478
650 992 376
456 165 552
649 160 745
758 167 736
599 927 482
576 493 85
488 899 0
550 509 588
153 823 149
474 966 14
845 53 149
843 216 298
566 550 718
271 803 353
210 159 326
144 463 0
459 590 70
373 456 444
353 822 769
383 634 960
502 916 750
369 700 645
810 895 355
170 435 83
513 584 0
261 742 61
432 174 633
888 790 420
429 780 265
648 241 708
72 637 508
47 466 697
131 473 260
595 555 1
471 783 393
773 294 429
616 460 795
525 327 760
56 586 749
705 574 50
481 335 292
230 246 852
613 516 1
448 486 556
116 984 660
333 587 834
736 826 556
325 715 430
821 591 700
876 202 369
354 105 959
452 309 1
840 569 55
825 14 452
724 364 983
157 935 802
387 391 456
546 816 280
719 53 742
658 298 728
660 79 0
846 697 564
459 808 858
811 643 957
542 440 65
837 142 187
108 893 877
453 628 661
341 63 194
514 66 0
788 484 125
146 809 717
866 861 86
316 598 680
759 163 609
756 549 708
975 232 695
18 143 989
63 943 1
776 754 750
372 115 19
126 865 915
929 715 282
908 496 947
895 971 514
792 144 115
865 99 430
9 109 0
611 185 393
77 397 263
14 628 137
843 284 54
887 670 968
128 973 517
851 539 273
570 692 951
561 459 0
749 692 427
488 327 799
885 306 939
30 979 229
252 211 105
612 771 183
521 292 861
833 807 61
545 539 0
129 852 916
433 297 842
473 812 464
853 387 675
745 145 428
336 175 389
176 737 647
550 808 106
486 172 1
172 518 226
892 547 336
342 945 877
775 705 396
381 635 102
978 252 602
52 506 147
468 721 281
303 512 0
540 778 875
725 69 861
985 1 736
502 743 537
531 354 371
86 901 766
317 929 441
932 373 493
845 826 0
318 406 66
725 605 746
652 564 186
905 439 778
294 684 82
780 589 959
716 332 313
640 624 547
991 891 0
123 515 287
124 37 410
155 796 980
241 773 374
119 772 391
261 552 666
756 246 172
682 14 985
861 129 0
257 891 23
364 160 609
867 112 383
616 448 876
644 141 119
267 14 816
272 870 501
323 754 543
552 874 1
867 772 935
716 169 71
903 180 248
256 536 407
265 830 440
245 723 836
745 568 453
83 360 672
557 895 1
838 353 606
536 737 497
744 529 666
106 747 364
676 918 999
229 512 343
641 836 897
869 104 552
414 703 1
798 13 759
180 267 583
104 289 994
249 376 475
590 976 509
596 305 21
54 33 823
891 221 26
407 193 0
813 373 723
619 229 496
176 337 795
577 889 108
110 812 285
749 687 229
977 474 770
190 955 385
738 293 1
261 891 113
911 560 35
869 731 322
155 845 703
537 123 50
824 399 172
393 621 195
806 921 640
843 99 0
379 908 928
929 902 994
289 543 690
352 692 614
391 990 194
796 197 288
837 330 527
863 53 418
810 653 1
15 53 539
612 284 200
488 105 20
182 463 196
275 71 945
125 280 330
635 273 448
750 700 306
25 15 0
564 26 368
92 505 448
256 845 645
765 557 129
903 315 887
549 712 277
513 615 930
73 201 35
933 756 0
480 935 850
288 463 483
235 376 281
518 649 219
338 38 180
803 658 385
618 952 104
981 501 456
19 142 0
716 858 567
479 481 196
531 179 766
489 325 393
951 144 354
753 64 207
833 891 718
877 729 767
261 60 0
151 404 847
821 387 220
845 998 983
910 684 784
273 992 66
335 370 459
956 923 836
752 328 985
829 96 0
807 913 714
909 549 570
897 787 287
814 502 499
286 425 653
333 809 650
610 908 988
738 298 222
938 868 1
834 747 157
994 498 625
603 645 915
345 661 810
514 10 351
477 95 763
961 234 231
180 708 84
366 756 1
665 908 297
691 300 720
513 662 293
910 867 484
440 72 864
413 51 437
557 414 688
73 528 414
279 280 1
528 370 497
817 737 209
788 151 652
273 411 746
856 435 855
506 137 931
438 721 888
599 411 565
515 70 1
92 139 357
782 461 112
248 261 396
198 968 49
338 381 306
976 756 424
647 883 949
482 964 167
68 582 1
714 680 296
949 729 404
750 576 459
991 137 59
32 331 762
92 184 624
28 365 221
686 479 368
204 110 0
162 206 483
914 626 369
721 881 795
862 310 5
462 152 551
991 49 107
964 746 8
780 366 957
883 784 0
293 106 188
8 736 644
268 49 35
967 698 751
607 84 287
257 34 297
524 241 174
40 891 747
716 941 0
742 687 68
437 103 691
541 390 172
161 485 121
183 491 807
193 933 411
171 563 606
197 341 53
396 329 1
542 642 770
66 718 410
338 800 4
347 19 494
60 537 367
393 721 227
208 644 40
484 916 461
683 542 0
634 176 151
301 544 405
398 758 389
559 324 627
265 930 230
310 801 905
789 111 622
115 219 730
788 514 0
900 942 273
11 168 382
302 806 371
401 352 132
598 977 526
755 617 528
103 201 469
437 762 617
775 522 1
115 464 630
246 78 346
538 938 280
782 507 112
578 813 679
79 166 349
642 705 336
999 889 607
543 264 0
209 781 241
684 515 657
605 60 442
849 77 547
647 646 384
188 399 399
802 160 975
641 491 279
788 126 1
388 412 701
352 492 10
291 534 281
35 787 969
849 219 72
139 504 131
227 221 688
620 403 559
142 442 1
11 754 796
45 235 254
323 496 890
153 449 985
544 78 969
542 429 781
513 535 788
906 683 64
358 574 0
515 918 232
572 678 565
806 447 137
755 660 444
904 949 355
763 676 425
173 225 823
681 46 22
418 340 0
946 76 569
214 170 446
183 159 4
133 463 0
427 189 343
667 786 320
223 488 505
326 194 824
754 740 1
53 243 906
317 45 992
277 127 37
271 235 92
596 36 753
952 412 646
810 390 358
284 1 883
767 414 1
805 72 311
678 404 640
790 800 650
276 89 936
431 925 463
821 169 63
766 664 998
107 764 581
680 133 1
602 5 419
283 328 14
528 188 76
719 284 618
273 323 218
435 375 185
263 904 133
28 64 801
653 775 0
167 612 341
741 670 634
625 20 667
223 637 245
82 534 970
128 168 969
661 890 517
184 422 357
146 73 0
489 370 863
688 230 956
371 728 132
203 871 436
475 693 302
291 572 154
661 727 897
733 420 376
811 179 0
895 182 265
382 225 120
596 625 69
831 876 636
2 394 906
826 444 268
674 652 683
804 763 29
463 626 1
630 29 475
46 806 36
352 977 393
605 896 354
931 793 363
256 483 338
301 605 528
634 417 549
533 577 1
526 212 9
215 184 326
515 386 790
242 756 866
932 224 249
98 17 269
313 910 395
543 609 87
210 404 0
167 104 478
465 827 260
689 307 277
517 267 363
516 250 89
237 660 847
94 771 56
903 57 486
418 500 1
747 697 383
161 368 610
246 893 834
678 563 829
514 370 474
444 299 455
338 432 849
335 862 554
842 964 0
592 538 613
774 816 997
267 716 248
823 35 824
122 341 732
101 468 672
647 32 977
674 732 596
928 858 1
65 930 264
17 840 810
123 309 590
401 386 621
400 426 755
327 296 195
299 280 225
776 561 909
453 422 0
833 861 62
542 350 341
275 121 107
710 689 423
89 938 175
615 400 753
801 585 198
36 169 239
178 186 1
853 581 387
756 780 470
782 737 396
647 810 750
506 512 941
741 998 481
705 47 133
534 115 734
86 426 1
959 45 879
77 143 655
535 514 186
834 648 319
540 900 702
896 763 245
983 761 981
30 546 653
90 148 1
104 311 273
225 58 510
322 407 248
366 906 9
370 348 595
604 927 858
393 312 999
82 484 903
309 445 0
406 27 903
659 139 911
719 295 905
334 467 794
807 736 469
800 91 368
459 658 394
351 762 796
951 944 1
796 578 231
195 371 818
102 696 885
433 1 194
416 761 486
872 353 164
355 636 517
871 71 189
23 150 1
747 148 389
876 34 857
766 817 957
333 774 63
502 517 757
933 54 188
175 94 232
93 14 973
934 955 0
126 879 11
567 312 280
522 773 396
68 465 733
601 995 392
424 558 809
252 253 311
63 205 120
66 116 0
469 514 472
672 798 697
57 88 766
295 503 952
510 409 248
215 861 3
8 78 884
334 274 154
246 671 0
366 227 17
306 675 25
596 673 245
159 118 89
107 191 356
191 224 289
509 366 646
944 653 2
933 727 0
244 993 924
384 632 291
302 52 229
662 435 273
374 463 416
678 267 689
605 706 854
797 888 456
654 43 1
80 573 763
991 443 812
470 265 207
51 42 814
166 512 831
38 693 179
766 344 621
707 863 120
510 16 1
882 642 951
535 814 827
187 802 188
252 191 678
16 806 941
486 697 404
232 563 655
955 514 188
226 696 0
549 246 956
3 212 137
213 124 179
642 122 426
779 124 129
876 853 367
337 914 494
523 755 405
71 660 0
674 71 720
689 896 105
851 688 455
808 92 288
454 203 360
499 274 465
224 250 677
246 272 588
835 204 1
505 731 743
653 754 419
159 96 107
66 110 907
143 39 831
555 113 234
373 363 607
152 783 90
151 756 0
342 15 88
569 460 715
243 416 508
959 96 784
78 206 813
789 54 630
830 571 281
430 121 161
108 236 0
898 297 925
249 776 525
945 908 268
801 423 140
585 278 449
517 223 139
210 719 744
168 164 328
508 277 1
30 465 446
81 231 350
784 531 877
229 356 233
540 507 170
729 20 337
263 61 641
359 758 142
386 188 0
424 897 430
732 164 226
821 222 854
941 540 338
740 708 55
961 359 768
179 803 737
172 771 414
323 353 1
922 921 26
859 464 315
108 407 959
422 215 702
544 796 798
863 816 405
610 624 81
374 683 215
123 637 0
116 948 586
546 519 635
929 603 383
345 555 77
523 775 47
82 120 241
241 721 358
480 729 644
933 200 1
290 976 362
473 327 140
333 58 769
968 375 505
553 227 597
80 237 82
685 190 569
755 223 813
169 818 1
125 141 362
67 132 661
463 439 795
235 741 414
382 286 854
886 117 694
530 415 151
749 709 947
918 61 0
901 53 383
245 30 243
339 900 816
951 529 105
824 943 658
461 547 562
667 3 605
991 403 37
723 712 0
863 413 719
101 663 677
383 205 389
542 275 580
524 686 777
472 503 815
841 35 418
842 155 937
356 488 0
747 142 197
201 397 487
729 660 459
736 625 92
34 954 441
140 667 173
896 746 580
278 594 572
60 708 0
743 412 709
990 0 706
129 553 281
423 284 55
819 870 262
944 397 78
69 355 571
102 159 609
626 585 1
992 991 485
503 914 617
882 195 514
224 515 667
517 157 48
381 249 95
821 488 320
720 801 282
85 51 1
902 763 233
216 134 557
685 515 464
23 628 848
335 950 917
984 415 862
124 159 68
511 331 908
237 759 1
444 869 530
196 646 652
25 714 172
665 995 600
250 796 658
788 311 916
767 60 251
952 11 501
373 73 0
628 61 995
351 835 280
815 628 281
40 825 549
198 319 190
870 794 93
498 779 996
857 576 899
288 17 1
695 698 471
844 272 422
295 383 915
948 591 809
27 277 41
119 476 77
115 386 380
773 443 396
377 615 1
335 734 52
133 105 185
93 299 783
151 562 413
755 372 754
780 458 2
500 250 905
109 571 538
907 116 1
582 253 585
73 420 334
221 299 154
777 124 638
428 112 699
970 732 510
13 205 136
690 953 667
99 573 1
675 907 552
833 911 673
161 69 399
92 83 682
292 180 179
319 968 592
242 429 174
430 670 270
570 54 0
423 101 969
916 650 265
709 121 357
560 97 143
585 67 152
143 618 947
568 364 484
866 885 134
192 233 0
89 54 706
659 872 23
661 972 50
236 882 508
933 607 322
14 874 907
640 931 859
695 696 498
55 982 1
925 822 988
388 766 29
632 402 624
236 758 512
628 416 496
8 596 335
117 13 441
337 100 898
175 575 1
919 149 407
145 490 257
493 818 293
691 752 429
285 336 562
249 137 388
276 1 707
428 299 352
731 708 0
633 94 814
496 523 700
720 899 666
856 280 332
622 707 392
814 509 256
647 372 765
174 548 624
663 211 0
648 260 592
383 969 638
805 518 411
109 8 27
216 114 254
409 439 124
594 778 823
458 580 867
801 840 0
597 280 576
818 537 951
497 807 455
33 470 72
842 675 447
166 330 75
377 308 400
31 634 492
734 840 0
470 382 223
935 50 579
489 13 994
709 227 591
641 761 475
873 776 958
960 372 78
646 600 139
124 362 1
825 547 611
646 667 254
286 373 183
555 265 621
458 166 197
375 173 416
399 524 840
282 960 313
256 11 1
590 54 264
278 255 860
98 33 969
484 115 505
947 329 178
863 321 11
768 382 272
358 695 256
60 442 0
863 230 754
161 466 358
958 717 405
564 954 58
59 513 881
276 956 506
564 690 81
92 696 833
461 837 0
211 714 358
166 514 230
87 102 931
878 537 402
811 708 0
627 276 910
449 657 769
483 439 165
993 101 0
834 402 327
465 728 184
410 433 602
107 994 610
490 981 901
517 613 566
404 805 532
881 798 285
423 843 1
160 957 948
418 59 484
236 930 997
768 200 498
883 301 611
245 708 401
144 34 21
485 962 624
193 941 1
639 746 28
609 717 498
404 835 107
679 638 598
219 305 834
45 863 928
602 776 736
715 173 223
18 73 1
186 946 607
653 257 291
466 425 652
520 939 985
292 126 394
29 993 318
116 656 103
386 5 194
52 560 1
461 680 500
170 975 731
310 779 256
804 783 118
430 163 414
157 134 995
462 32 972
142 93 561
494 163 1
175 752 699
835 715 65
518 978 509
736 259 491
853 608 939
342 905 218
797 482 662
993 287 840
847 479 1
965 87 111
10 242 774
565 498 297
721 375 963
257 862 878
705 313 260
439 917 428
166 354 338
810 974 1
755 357 232
740 433 786
806 552 910
577 382 554
97 420 783
638 597 456
778 848 10
544 876 621
789 497 0
202 922 541
88 604 379
686 391 287
329 994 778
951 720 723
5 266 829
532 206 608
646 296 241
238 277 0
669 992 815
628 377 184
661 766 2
640 415 375
586 50 210
683 626 377
728 839 103
235 2 378
450 913 1
135 796 597
538 666 162
250 297 506
425 165 140
724 100 726
591 785 345
961 139 508
312 812 499
16 587 0
641 820 541
243 143 449
570 264 663
147 650 644
261 567 795
570 426 564
343 512 779
378 831 673
889 451 0
869 218 167
13 628 495
866 318 437
419 832 146
346 327 971
885 91 276
180 147 809
811 767 670
159 557 0
578 368 824
929 523 516
69 840 763
912 626 830
200 364 839
950 198 55
913 963 324
214 737 893
806 641 1
911 35 139
199 395 230
304 515 592
414 590 997
486 969 521
102 750 675
821 893 660
687 484 222
456 375 1
434 841 584
278 947 345
334 656 337
303 544 18
412 67 448
500 976 970
177 6 657
156 986 858
659 942 1
425 297 198
527 867 923
121 760 20
380 669 481
463 219 165
664 231 81
465 294 826
663 489 539
791 903 0
187 592 681
664 518 419
869 571 77
302 889 249
689 210 669
791 91 662
405 157 1
996 803 54
443 39 1
351 110 852
337 497 570
808 638 994
219 16 725
675 860 147
763 471 619
945 18 27
284 759 395
960 109 0
777 618 143
522 530 763
851 982 907
14 352 485
505 470 658
401 742 723
884 179 805
89 950 937
613 884 1
107 149 628
379 119 816
935 588 829
199 769 844
611 715 84
488 593 460
139 256 982
858 172 549
506 728 1
800 876 995
778 907 167
357 364 997
109 679 339
378 819 696
885 37 937
424 425 52
864 675 937
799 787 0
57 924 889
752 732 941
105 716 132
820 276 514
608 247 856
920 485 329
319 574 636
829 214 208
285 103 1
383 884 626
988 722 446
609 534 185
184 334 590
762 980 79
367 370 279
128 52 764
995 806 673
12 137 0
457 580 904
457 8 248
719 908 338
855 739 469
72 195 404
211 504 936
661 318 710
902 374 194
915 711 1
798 940 791
467 748 131
855 566 131
637 428 382
563 333 387
250 677 446
752 284 584
207 625 954
251 100 0
784 511 751
668 680 970
265 892 4
616 395 427
252 102 813
8 121 724
732 309 527
304 572 271
681 266 1
461 475 686
347 975 660
387 687 269
809 662 487
521 987 33
162 533 45
612 715 802
227 241 782
174 994 0
945 292 183
134 724 982
163 813 229
147 896 978
721 631 113
494 47 53
853 76 116
192 900 102
176 759 1
335 67 96
616 503 355
69 474 566
253 720 127
592 96 882
826 307 286
885 155 727
112 595 373
624 66 0
736 779 366
445 806 849
142 651 376
382 186 307
141 437 768
328 638 557
830 888 325
230 120 914
767 886 0
305 277 488
873 687 150
167 139 179
614 774 224
829 891 784
204 96 296
632 902 347
684 775 442
686 855 1
636 413 691
371 3 428
396 581 21
845 370 18
397 804 596
414 996 999
787 93 546
543 10 670
239 44 0
917 824 104
188 542 29
424 744 915
598 969 429
113 712 984
895 996 726
574 266 457
132 247 316
616 633 0
233 611 14
139 214 648
992 592 995
657 326 925
341 949 974
159 564 569
854 652 323
133 134 405
549 154 1
695 824 239
160 168 249
911 934 464
937 143 931
521 555 944
142 600 428
564 971 58
79 733 597
795 610 1
417 577 827
66 576 589
760 427 662
491 808 681
734 49 679
239 854 364
48 516 719
787 668 797
33 440 0
176 530 58
294 341 193
577 794 420
295 645 280
167 292 40
403 350 919
687 888 717
530 31 210
967 803 0
261 537 541
87 998 166
23 696 279
929 418 115
680 853 168
606 676 90
503 263 310
838 876 350
364 233 0
277 790 605
473 790 441
737 69 95
784 922 857
370 364 483
583 995 147
106 177 589
746 252 202
46 798 0
261 12 728
823 724 758
866 909 260
531 881 541
928 157 8
500 619 153
450 918 456
814 315 294
564 945 1
233 212 767
804 380 56
7 566 914
108 386 453
930 486 936
660 848 74
498 573 240
87 215 734
680 702 0
189 24 917
738 961 849
500 558 95
754 891 74
535 205 872
215 131 233
249 803 636
357 13 731
205 590 1
438 505 720
881 144 495
781 507 481
467 863 872
916 419 318
233 392 145
598 743 0
148 255 932
377 663 1
375 618 466
933 911 854
405 335 928
479 142 241
424 738 837
393 299 567
397 775 125
642 232 341
336 89 0
700 934 392
356 884 6
937 747 396
708 474 943
731 683 743
586 465 266
40 333 767
963 567 823
58 840 0
952 874 853
748 703 328
124 758 663
904 662 305
105 931 237
20 61 558
142 964 411
165 101 420
658 771 0
189 972 646
946 194 710
48 797 218
908 421 110
20 668 920
934 874 162
34 13 715
38 857 429
526 169 0
193 205 849
868 287 991
747 267 389
612 925 407
170 215 616
162 317 403
451 459 642
960 605 131
588 606 1
512 863 369
783 588 526
4 907 53
581 356 751
596 691 694
500 900 182
450 455 488
126 563 611
33 499 0
240 778 756
327 401 666
966 825 564
141 874 700
629 347 449
985 57 409
130 986 8
761 922 496
7 966 1
841 132 736
92 782 933
729 735 164
904 66 63
137 149 137
602 792 353
794 991 390
79 378 587
65 282 1
606 316 146
111 623 419
967 273 997
526 292 763
390 285 641
899 944 654
33 711 973
760 623 474
82 867 0
417 637 279
240 421 236
623 154 854
453 371 337
547 708 341
938 949 518
375 176 568
667 959 661
29 547 0
434 569 47
948 258 504
839 240 241
109 126 501
59 964 845
520 457 649
996 553 231
469 282 795
115 593 0
870 398 853
900 276 808
882 360 783
659 507 678
431 746 868
117 923 190
713 272 475
170 707 506
142 18 1
224 924 513
892 188 881
128 583 518
363 112 895
87 757 969
757 850 126
686 782 242
888 258 751
167 202 1
371 391 787
415 876 498
871 869 2
795 64 949
598 269 257
434 235 521
691 729 61
273 865 336
44 642 0
891 506 907
950 662 53
401 923 399
783 315 11
5 389 822
430 295 549
537 176 122
307 993 888
463 588 0
588 612 77
723 223 442
31 932 700
810 412 485
763 840 709
509 518 524
156 316 310
208 781 224
698 712 1
746 287 894
650 488 878
894 652 528
703 290 280
587 903 481
582 440 674
65 749 351
753 152 717
872 594 1
248 998 436
606 485 22
178 195 145
406 319 356
900 411 686
579 156 648
504 719 981
90 969 483
494 262 0
573 836 647
339 671 909
735 464 481
650 7 118
988 347 576
235 229 80
219 805 188
338 424 71
900 240 0
695 319 210
784 341 864
50 194 726
281 464 437
166 125 942
663 273 369
569 126 553
130 922 743
229 82 0
649 229 400
884 900 955
680 458 858
463 915 200
323 378 270
503 600 894
261 534 226
33 600 377
222 951 1
331 997 651
765 98 592
824 608 724
73 142 429
589 247 794
688 493 874
97 796 818
173 463 555
567 517 1
419 736 722
441 152 460
303 47 562
335 429 439
567 430 718
323 116 202
112 995 281
113 881 165
453 596 0
624 961 502
750 228 290
698 498 425
472 717 440
383 289 420
604 893 347
675 719 808
763 600 142
29 58 0
734 40 495
757 156 77
667 263 288
763 928 104
105 55 14
365 134 504
664 227 748
487 842 213
225 686 1
371 456 150
11 714 665
911 206 147
844 501 361
248 201 789
311 255 678
148 20 221
262 335 235
44 408 0
42 413 207
97 551 141
183 709 667
264 512 277
33 314 100
196 610 804
242 464 404
787 520 8
79 729 0
674 112 467
544 571 558
393 673 190
668 877 39
968 260 53
88 793 796
838 915 317
141 262 466
180 80 0
21 621 665
391 717 768
913 527 399
171 438 66
792 22 998
646 449 540
808 748 985
31 905 187
237 476 0
592 604 746
389 621 159
207 940 847
261 712 502
858 543 232
29 498 316
28 346 363
369 543 347
881 649 1
726 635 398
462 704 314
30 439 569
380 366 465
441 693 859
322 271 880
16 501 990
330 893 727
866 752 0
196 811 10
308 899 398
773 665 969
369 968 327
106 504 778
408 996 627
973 67 556
560 619 713
596 521 0
185 968 962
590 139 417
12 533 86
972 346 989
860 846 69
195 775 143
41 190 711
33 230 584
681 511 0
386 26 507
400 966 792
877 893 11
713 959 913
50 250 584
474 374 704
767 894 154
723 197 608
455 860 0
947 390 486
185 895 534
366 443 459
307 945 263
601 958 823
245 496 228
222 162 798
694 569 551
106 830 0
987 642 134
105 74 240
504 869 389
542 994 241
768 291 602
761 984 484
469 867 181
568 758 320
684 63 1
988 469 100
99 537 882
35 896 76
614 413 416
455 138 678
679 240 571
948 141 798
167 129 37
103 297 1
932 550 755
146 487 620
570 804 894
172 847 343
993 234 619
625 905 786
786 256 516
840 933 98
425 703 1
15 328 597
702 650 873
606 306 460
285 197 70
182 407 102
3 776 308
376 31 904
349 770 982
487 422 1
675 122 946
963 190 633
391 191 566
846 790 282
336 620 156
278 385 267
996 127 80
809 393 555
881 585 1
105 784 133
467 335 948
500 965 269
154 499 592
679 44 308
68 591 497
34 74 696
185 682 291
756 797 0
702 611 60
20 265 455
318 106 571
365 445 711
473 609 596
246 619 832
663 133 85
517 578 31
355 700 0
226 791 473
542 863 165
93 358 809
249 151 431
140 753 264
673 7 520
553 13 337
702 642 816
449 442 0
79 429 501
235 24 991
703 221 4
549 0 511
410 945 484
535 241 965
58 269 11
665 790 348
857 313 1
164 363 479
710 48 348
780 283 396
915 877 294
887 647 893
447 440 793
68 410 359
896 112 772
435 568 0
436 884 686
969 101 938
872 522 768
292 240 477
339 254 247
128 818 166
990 807 556
634 237 453
959 638 0
557 630 876
87 815 589
815 885 562
114 274 401
777 165 22
904 131 682
768 545 49
404 314 271
376 814 0
150 324 719
632 709 571
162 470 405
453 101 640
868 94 60
664 240 181
462 887 449
144 320 791
584 749 1
702 907 606
640 382 749
593 883 880
734 914 858
970 9 501
346 709 641
914 110 458
678 546 444
777 883 0
688 997 455
559 595 675
550 442 357
510 569 452
210 225 432
638 682 758
458 20 157
572 457 41
411 26 1
185 327 506
718 976 588
462 226 369
274 223 227
183 185 900
423 378 263
582 74 559
205 182 55
952 418 0
669 919 899
34 576 261
121 308 965
819 818 788
972 205 529
328 750 636
851 463 857
970 386 173
393 100 0
86 977 749
996 678 656
562 422 636
637 437 466
600 333 522
465 301 749
611 416 533
635 304 652
298 33 1
564 214 859
541 169 398
904 246 389
658 109 254
690 794 533
521 957 149
783 995 384
271 878 614
238 987 0
562 917 899
735 131 690
756 575 256
354 82 125
711 941 361
19 946 327
756 661 790
579 51 568
246 420 1
821 457 986
87 103 272
301 552 662
463 519 974
717 327 4
580 66 208
420 556 769
744 719 520
316 292 1
869 458 815
789 574 497
754 52 58
62 892 393
907 686 710
832 31 400
46 612 975
536 120 585
916 91 0
461 150 197
429 287 980
86 245 207
377 170 456
401 385 511
414 62 48
435 25 797
408 690 279
924 523 0
381 757 95
690 107 808
353 908 393
154 785 465
766 985 672
563 767 29
690 145 313
281 528 774
877 711 0
331 409 557
820 965 69
877 378 190
828 12 796
309 479 879
861 82 952
666 994 590
177 903 564
633 720 1
424 251 425
283 989 146
356 595 997
176 439 437
881 782 67
670 776 960
162 159 909
529 92 425
164 270 1
494 662 465
436 477 774
617 364 827
504 704 62
958 795 658
471 970 688
662 323 794
909 998 19
284 123 0
463 128 666
614 449 543
119 296 388
106 713 866
275 378 727
410 591 842
839 1 461
91 546 516
194 6 0
992 10 348
116 621 423
967 331 388
682 683 764
9 218 37
12 26 433
384 901 312
707 766 316
177 762 1
817 154 945
780 676 108
866 466 809
65 856 580
840 813 451
320 556 789
583 337 306
886 345 382
335 529 1
904 552 596
98 609 373
951 136 145
894 257 211
831 322 901
201 589 975
656 515 861
25 966 0
366 740 0
609 39 96
886 696 262
928 904 753
882 95 327
231 528 354
980 274 100
291 936 353
760 214 118
259 496 1
116 958 20
335 375 727
456 426 464
578 217 133
858 231 456
301 436 551
376 433 776
998 607 202
658 729 1
428 284 307
394 987 734
945 248 619
523 60 612
797 548 55
825 238 258
987 485 102
746 400 64
528 586 1
703 106 257
364 337 331
958 826 149
433 803 42
73 890 970
212 50 56
781 538 271
605 728 898
895 402 0
851 765 585
851 612 929
595 625 829
293 586 303
342 306 621
879 589 589
727 644 138
445 551 65
595 591 1
663 299 404
303 748 251
229 606 514
928 681 220
51 349 638
654 509 604
22 395 563
41 517 348
81 330 0
592 809 463
919 617 225
561 277 287
411 690 416
407 359 817
448 917 448
415 899 238
726 197 454
62 254 1
27 661 668
485 255 891
671 683 682
858 864 505
450 656 179
703 674 336
897 318 616
96 800 918
751 158 1
650 342 853
925 453 327
991 985 858
2 161 22
360 679 334
962 624 732
623 636 233
675 930 342
304 820 1
161 890 559
519 498 174
483 882 347
368 487 115
261 82 335
808 485 129
624 875 510
286 780 426
812 77 1
207 910 502
995 525 493
829 867 53
969 405 299
811 567 140
251 518 300
836 72 360
763 133 817
328 833 1
232 895 268
416 946 120
271 959 137
940 150 655
368 111 937
752 554 940
429 18 486
552 860 190
808 71 1
52 564 205
878 541 849
127 769 95
890 605 363
48 899 606
991 557 104
843 861 757
750 278 785
391 362 0
852 451 607
661 201 726
182 61 937
392 604 173
420 39 969
323 135 306
194 906 450
834 209 849
924 756 0
824 20 509
300 361 340
454 572 662
974 801 222
616 523 917
798 834 493
345 182 112
798 854 318
902 477 1
640 785 313
219 362 951
903 515 274
39 316 725
604 90 286
983 206 657
517 443 775
356 205 903
703 303 0
931 560 839
343 898 500
98 743 234
667 215 358
570 881 421
4 191 725
273 537 625
472 650 457
729 964 1
223 896 459
947 686 188
554 182 521
130 265 846
32 138 444
437 984 752
82 15 941
695 760 445
166 306 1
628 447 447
980 147 849
831 388 279
8 966 82
501 87 671
374 444 819
260 399 585
107 685 628
819 414 1
653 18 648
126 10 506
808 660 700
846 858 544
358 41 334
373 870 740
488 557 443
526 375 686
250 688 0
725 368 30
937 284 492
145 598 789
736 171 673
654 941 1
68 208 415
421 714 411
455 420 30
323 324 1
83 447 409
977 327 91
596 155 415
524 895 578
472 135 875
907 389 676
975 686 107
241 931 900
390 413 1
301 791 711
406 802 998
270 528 446
840 274 302
898 518 469
555 684 140
231 630 297
328 655 373
586 773 1
20 850 848
864 181 169
289 447 535
44 409 184
226 386 975
524 29 920
668 740 566
742 727 190
201 436 1
311 314 179
73 188 477
827 247 836
134 71 295
39 663 824
654 248 168
569 637 751
8 192 519
372 539 0
142 576 166
602 448 370
147 279 405
875 953 327
903 523 359
835 393 530
337 626 171
574 959 173
969 783 1
649 52 395
417 781 599
161 210 688
528 685 876
22 195 156
749 55 735
5 741 962
543 309 458
544 43 0
436 304 191
247 521 226
353 522 45
829 259 911
86 940 846
430 876 5
766 749 555
877 568 335
659 255 1
270 233 209
180 783 728
941 699 816
168 1 413
291 285 745
589 802 146
366 204 755
208 730 306
292 76 1
693 580 643
326 65 243
673 916 768
247 191 639
318 990 422
463 655 743
856 894 824
905 181 892
423 799 1
311 953 849
308 21 861
893 191 834
438 298 298
31 493 488
414 791 311
699 185 141
827 953 134
978 225 1
312 136 286
591 643 346
635 734 164
242 17 265
305 11 920
669 701 830
908 953 466
788 75 219
187 664 0
51 137 989
869 982 614
267 841 104
847 986 378
793 801 487
611 552 213
203 875 139
408 394 946
476 642 1
492 52 187
358 783 127
30 654 894
664 498 494
582 103 54
79 911 23
386 75 199
610 258 38
563 21 1
970 203 877
875 595 62
917 396 230
554 856 486
992 144 140
304 747 378
843 438 799
584 990 934
792 316 0
624 676 143
971 795 571
250 417 164
558 411 784
53 93 79
141 761 585
326 805 946
754 48 525
282 727 0
129 396 654
382 81 269
989 761 569
146 338 715
776 748 258
596 760 374
260 720 522
464 521 269
980 501 1
797 777 128
909 894 30
177 899 464
175 977 647
816 444 5
559 498 981
636 104 942
352 60 950
309 144 0
623 595 623
46 753 854
520 238 804
371 180 417
737 153 863
655 222 40
356 206 894
549 294 709
391 665 1
367 25 52
968 660 446
898 592 416
888 128 307
414 100 473
246 162 787
47 822 437
432 277 997
110 451 1
242 855 88
117 823 205
773 326 139
353 914 273
214 802 722
973 470 216
957 506 337
790 131 64
188 211 0
441 118 427
722 668 785
759 243 752
930 922 55
339 964 304
427 838 761
2 808 438
815 142 683
962 402 1
787 823 308
776 212 794
933 914 761
623 371 819
662 992 383
788 293 596
367 155 490
73 194 786
186 514 1
68 130 518
976 591 13
293 859 997
481 161 773
706 284 919
389 687 580
229 154 962
284 747 500
404 540 1
421 319 595
604 995 946
132 452 510
304 54 352
506 85 120
985 744 851
525 100 77
598 997 658
239 913 0
936 788 566
630 521 535
393 986 361
340 332 124
821 739 958
536 266 849
821 327 758
398 694 863
211 729 1
405 542 689
546 572 662
761 393 675
565 154 919
613 892 868
988 492 801
670 105 813
289 854 191
968 728 0
121 783 37
101 546 13
209 977 969
253 380 264
825 798 258
382 982 944
787 400 730
689 120 170
86 151 0
470 360 364
715 226 184
34 513 211
768 88 290
680 160 512
311 552 491
722 569 417
993 555 321
583 141 0
34 812 75
558 451 274
288 452 524
629 254 865
79 145 552
390 46 568
836 179 806
948 881 2
492 901 1
547 464 205
460 549 277
432 758 162
923 213 459
123 983 522
309 12 432
838 779 776
288 994 981
502 539 1
604 621 351
450 481 871
111 826 20
157 403 260
798 482 85
61 730 878
658 952 919
866 333 222
448 291 0
621 64 185
834 702 199
709 163 361
724 935 979
223 229 439
298 580 653
968 416 539
547 515 659
801 869 0
544 985 319
945 224 885
655 652 432
593 489 893
644 275 280
364 711 778
313 437 614
853 41 610
409 314 1
974 410 643
261 752 438
462 691 783
18 763 268
696 11 351
576 544 341
785 843 591
703 663 794
946 559 0
507 31 315
75 171 359
735 728 69
236 815 202
507 721 361
124 690 570
828 856 652
822 244 909
462 846 1
429 975 761
333 289 910
686 229 241
931 388 932
214 565 735
824 965 677
372 767 758
27 887 270
724 829 0
665 92 847
535 415 321
125 493 374
376 948 243
804 760 298
662 19 609
985 988 571
355 420 955
824 252 1
287 859 109
708 49 351
447 77 456
554 954 272
395 258 61
726 579 943
646 945 701
215 697 807
158 370 1
883 369 989
833 79 594
220 917 783
190 376 357
815 158 250
179 404 62
383 107 623
434 425 419
481 698 0
505 457 786
211 163 38
923 867 834
629 504 886
437 347 534
933 351 252
677 440 341
363 631 313
324 365 0
671 785 359
435 731 944
888 85 388
726 844 626
600 78 41
405 712 547
49 570 221
787 207 275
50 239 1
641 237 178
531 312 425
280 719 530
981 95 689
501 212 213
562 523 642
517 863 648
403 867 565
338 409 1
165 331 272
105 86 581
56 422 311
247 229 492
994 625 629
385 974 354
334 755 406
474 728 524
476 702 1
126 433 493
13 72 950
822 825 781
956 734 491
725 628 176
367 576 351
369 262 255
235 97 0
286 858 0
236 723 182
843 942 587
998 396 520
110 474 309
595 948 531
612 711 444
653 915 490
629 262 176
436 109 0
13 875 902
674 130 733
819 463 122
324 988 612
552 303 518
803 937 737
779 820 492
60 440 756
413 385 1
536 460 937
457 140 564
572 110 53
965 420 414
482 430 825
228 666 113
501 449 362
683 579 26
269 275 0
709 599 29
581 559 349
542 980 364
162 868 213
270 780 819
486 857 762
927 583 443
989 604 844
215 451 1
70 391 250
832 229 450
12 408 752
437 952 746
49 117 334
734 169 687
50 438 38
931 758 816
536 101 0
787 107 966
578 470 726
269 812 351
253 575 980
9 600 388
897 523 224
224 423 835
215 728 809
249 788 1
755 939 488
996 624 773
939 379 659
115 196 749
412 47 381
859 88 210
132 481 835
242 642 306
855 854 0
747 491 848
309 266 102
259 888 330
678 203 983
515 788 554
608 28 219
43 650 992
120 96 661
311 878 0
643 369 937
456 763 203
732 141 520
177 81 104
496 629 556
688 67 767
610 978 380
439 250 17
301 622 0
767 274 665
440 485 572
549 536 737
180 523 894
919 489 24
329 102 365
39 782 1
700 954 863
603 435 1
888 194 426
82 753 10
836 19 999
721 904 340
195 384 100
722 510 291
75 184 976
759 944 857
224 500 1
957 126 202
234 850 203
814 104 168
878 472 280
76 685 887
959 501 148
747 936 757
910 457 374
329 11 1
874 993 748
271 551 376
922 754 676
556 757 711
893 76 88
897 934 902
687 817 710
98 117 569
75 786 0
707 716 30
286 196 31
780 349 113
406 48 774
509 106 717
592 1 34
344 494 415
798 173 600
876 477 0
434 304 643
491 298 207
97 136 405
703 485 866
652 301 218
903 827 840
565 824 286
321 341 71
784 783 1
983 198 789
773 920 866
745 842 995
563 604 312
461 930 171
186 809 893
925 319 192
649 405 702
238 893 1
858 838 207
669 651 965
495 46 93
189 137 476
67 651 372
878 942 764
569 799 243
478 84 495
537 933 0
468 351 206
892 200 126
908 852 456
193 208 629
865 516 484
566 606 6
177 488 426
731 573 518
667 860 0
197 221 329
69 808 595
441 847 37
671 778 345
24 183 3
44 847 187
174 197 990
915 926 16
76 331 1
191 850 738
867 109 447
442 434 769
395 502 702
892 999 75
397 105 259
280 175 782
660 803 111
766 638 0
322 137 484
214 928 43
112 162 928
628 980 654
120 963 983
435 613 61
179 678 200
470 954 849
778 633 1
375 246 633
599 829 111
395 929 322
903 32 599
768 877 223
351 863 197
199 629 707
377 261 293
89 195 1
558 3 476
474 165 816
808 715 277
18 538 437
581 574 970
502 740 501
239 893 899
588 719 353
217 983 0
755 299 498
198 99 17
568 156 662
493 308 855
214 301 711
467 918 412
362 588 236
357 496 124
521 890 0
670 231 391
111 244 775
851 140 509
499 519 723
93 513 938
499 915 312
97 504 550
83 386 990
862 81 1
198 763 369
732 673 875
237 893 6
910 299 847
0 20 291
909 486 750
345 453 543
96 387 451
922 551 1
768 720 215
631 241 174
417 658 732
582 934 87
335 63 608
840 216 956
307 141 906
799 167 744
489 27 0
729 947 710
405 661 633
552 777 464
312 486 33
459 705 643
296 511 706
944 363 787
76 367 714
524 766 1
374 330 779
403 783 831
688 777 641
192 83 535
971 991 804
876 3 13
672 991 292
271 415 644
553 178 1
29 124 632
243 903 1
457 202 377
0 149 877
307 606 632
63 905 909
251 475 908
907 655 255
502 137 1
688 701 15
906 626 557
206 521 411
927 96 756
723 376 811
174 317 214
687 315 13
323 660 259
877 136 0
286 32 294
523 66 391
267 894 506
852 743 20
42 10 324
653 122 451
258 749 208
649 512 929
667 970 0
996 322 585
394 937 236
679 146 815
951 190 165
473 828 107
267 317 209
464 348 355
647 238 696
833 405 1
848 366 899
702 251 393
374 76 415
480 196 359
676 219 686
689 104 942
788 384 826
566 82 774
220 308 0
196 189 174
123 825 660
121 984 399
83 177 935
672 862 174
337 284 194
755 655 711
350 544 160
838 256 0
577 282 422
215 756 218
774 660 107
520 142 103
613 500 187
237 692 681
877 340 983
919 737 154
323 95 1
92 399 311
192 847 99
875 317 863
457 754 911
511 783 471
761 988 10
72 590 104
824 341 665
897 267 1
463 654 788
685 169 58
311 996 493
267 57 711
356 82 617
325 408 901
779 882 531
468 81 161
217 454 1
759 293 202
163 175 258
818 851 878
968 887 722
200 81 953
521 120 292
146 62 639
875 974 956
175 791 1
522 282 680
833 179 688
754 531 504
622 808 288
970 929 769
118 403 685
942 791 655
298 276 659
251 393 1
907 759 293
190 696 626
413 512 365
463 414 582
426 727 911
291 645 199
582 974 856
105 806 346
610 269 1
668 428 966
709 130 813
972 352 723
379 995 560
991 18 663
55 1 639
955 174 787
419 880 720
957 64 0
360 13 576
85 354 10
547 307 345
279 750 697
46 568 815
179 784 91
357 566 525
191 941 382
948 830 1
645 772 996
207 292 88
47 877 148
785 78 612
929 407 911
748 782 637
126 513 237
0 134 975
223 546 0
558 304 165
354 239 94
94 628 851
408 977 885
627 308 192
849 600 984
981 552 27
957 539 683
232 116 0
975 737 138
162 346 623
652 124 219
247 149 753
991 828 383
443 411 841
632 14 213
159 125 479
799 331 1
646 503 82
233 110 340
146 191 585
845 440 65
882 128 169
70 939 634
204 192 964
640 710 941
452 168 0
684 897 819
660 964 174
285 122 459
887 211 370
461 796 454
695 308 972
263 262 243
456 431 965
297 551 0
386 999 3
181 464 705
356 367 969
68 155 159
986 366 681
814 15 305
218 437 182
283 394 547
596 425 1
92 761 457
525 487 427
251 432 357
644 695 553
18 908 72
918 786 97
863 331 823
653 511 889
100 481 1
668 435 602
585 457 452
768 980 957
517 893 767
897 164 947
88 266 655
826 510 432
429 462 731
94 930 0
48 446 675
818 886 52
560 757 677
264 648 200
593 400 186
933 291 72
309 358 178
170 386 845
112 468 0
785 230 776
400 841 494
772 579 365
584 260 173
471 645 184
244 420 850
397 929 333
110 461 863
869 894 0
645 738 739
821 841 316
845 470 504
657 65 299
406 200 847
483 423 184
488 464 345
580 942 271
39 994 0
388 157 229
560 422 675
386 50 858
482 782 685
233 945 868
730 105 802
669 67 593
458 245 739
285 884 0
163 176 490
124 193 154
160 161 997
364 998 183
356 831 696
416 500 821
240 548 992
847 523 503
979 696 1
809 903 960
276 306 391
153 136 341
26 562 199
550 97 937
504 351 599
228 298 87
386 671 883
995 222 0
163 885 466
682 968 668
220 856 758
78 128 279
201 849 528
243 67 325
665 549 953
623 163 534
828 123 1
185 39 487
951 473 903
701 491 481
548 99 748
443 670 320
451 781 608
234 326 171
590 411 294
759 501 1
197 927 314
169 126 810
645 675 81
931 430 811
73 131 296
472 923 167
609 419 191
687 421 89
390 351 1
795 271 729
230 466 602
353 639 241
457 96 565
180 651 99
623 857 693
500 455 956
297 546 777
682 701 1
927 995 64
337 673 131
191 659 842
352 233 369
719 851 328
696 350 701
514 633 945
682 539 660
374 189 0
974 540 356
982 129 202
688 282 701
417 649 514
82 12 276
338 446 534
333 982 664
388 889 983
510 89 0
989 564 615
397 209 274
851 722 609
174 72 264
50 494 757
593 424 488
472 417 47
445 540 152
885 466 0
916 5 883
382 482 698
669 928 97
57 742 950
317 169 478
541 591 605
111 91 373
799 280 67
801 507 1
178 636 162
304 880 225
916 651 78
863 23 706
900 589 210
332 664 881
403 464 218
852 303 442
650 210 1
616 277 719
584 205 64
366 552 62
411 54 511
219 409 4
906 509 328
79 146 204
994 927 171
530 718 1
495 20 755
724 803 526
199 596 405
11 846 410
565 374 422
574 817 472
16 788 898
410 819 957
220 978 1
350 747 216
872 0 288
835 989 68
970 210 449
559 309 666
90 432 133
758 211 697
514 39 589
591 720 0
375 567 200
494 721 59
327 182 862
159 274 570
315 45 977
282 248 945
271 703 464
642 961 404
660 926 0
397 395 215
481 567 412
610 52 453
325 541 868
557 945 993
895 105 844
330 64 997
382 962 98
635 264 0
125 236 90
938 571 45
29 937 202
998 557 27
575 65 251
601 285 927
159 760 721
952 401 641
