7 
999 0.0031710000 0.0031740000 0.0031910000 0.0036650000 0.0031920000 0.0032290000 0.0031450000 
1999 0.0047550000 0.0048170000 0.0048150000 0.0047860000 0.0047240000 0.0049370000 0.0048150000 
2999 0.0060050000 0.0070180000 0.0059910000 0.0059420000 0.0064970000 0.0059880000 0.0060960000 
3999 0.0072040000 0.0071850000 0.0073440000 0.0071860000 0.0072620000 0.0071980000 0.0071690000 
4999 0.0080860000 0.0082140000 0.0092580000 0.0081370000 0.0080960000 0.0092240000 0.0080660000 
5999 0.0093300000 0.0091290000 0.0090910000 0.0097100000 0.0091330000 0.0096620000 0.0091480000 
6999 0.0099650000 0.0104760000 0.0100070000 0.0110500000 0.0100780000 0.0101680000 0.0099660000 
7999 0.0109790000 0.0109420000 0.0109100000 0.0115380000 0.0108240000 0.0118600000 0.0109090000 
8999 0.0127360000 0.0117820000 0.0127040000 0.0118080000 0.0125360000 0.0117800000 0.0124880000 
9999 0.0127100000 0.0135680000 0.0126700000 0.0136630000 0.0125560000 0.0135050000 0.0126420000 
10999 0.0145080000 0.0133690000 0.0143520000 0.0134450000 0.0138960000 0.0133980000 0.0136200000 
11999 0.0153850000 0.0143000000 0.0151070000 0.0143140000 0.0149870000 0.0143850000 0.0145490000 
12999 0.0161990000 0.0151280000 0.0162960000 0.0152510000 0.0152020000 0.0162740000 0.0151690000 
13999 0.0169480000 0.0173340000 0.0167490000 0.0171930000 0.0163430000 0.0160070000 0.0171730000 
14999 0.0179170000 0.0169220000 0.0177370000 0.0177640000 0.0168480000 0.0180890000 0.0168680000 
15999 0.0177690000 0.0187670000 0.0185100000 0.0178330000 0.0187820000 0.0189900000 0.0175910000 
16999 0.0194870000 0.0196820000 0.0184800000 0.0185040000 0.0195130000 0.0198510000 0.0184760000 
17999 0.0200360000 0.0203870000 0.0204220000 0.0192560000 0.0204260000 0.0202950000 0.0199670000 
18999 0.0202070000 0.0206570000 0.0208710000 0.0212430000 0.0200660000 0.0206070000 0.0214550000 
19999 0.0234530000 0.0220200000 0.0208670000 0.0214800000 0.0220200000 0.0216950000 0.0210360000 
20999 0.0215790000 0.0221740000 0.0231520000 0.0226080000 0.0225710000 0.0215380000 0.0216480000 
21999 0.0231270000 0.0235000000 0.0232200000 0.0232210000 0.0225650000 0.0223290000 0.0234030000 
22999 0.0244030000 0.0239840000 0.0238890000 0.0237730000 0.0246750000 0.0236480000 0.0230110000 
23999 0.0240970000 0.0248180000 0.0245550000 0.0252030000 0.0246690000 0.0245560000 0.0248920000 
24999 0.0255950000 0.0248280000 0.0245740000 0.0251770000 0.0257790000 0.0256940000 0.0253730000 
25999 0.0269870000 0.0267350000 0.0262030000 0.0263650000 0.0264060000 0.0262010000 0.0266970000 
26999 0.0279030000 0.0274080000 0.0271680000 0.0271570000 0.0276870000 0.0273660000 0.0276570000 
27999 0.0283060000 0.0281720000 0.0283680000 0.0280390000 0.0282270000 0.0280660000 0.0282380000 
28999 0.0290140000 0.0294640000 0.0287770000 0.0285880000 0.0285940000 0.0286640000 0.0285680000 
29999 0.0306140000 0.0302520000 0.0294890000 0.0298740000 0.0299630000 0.0296370000 0.0295000000 
30999 0.0374410000 0.0312290000 0.0304510000 0.0302580000 0.0303110000 0.0302820000 0.0302670000 
31999 0.0314630000 0.0313170000 0.0309410000 0.0307070000 0.0324470000 0.0311890000 0.0315870000 
32999 0.0322430000 0.0320130000 0.0321620000 0.0315320000 0.0328090000 0.0321200000 0.0319050000 
33999 0.0330720000 0.0329300000 0.0327900000 0.0336420000 0.0328080000 0.0328590000 0.0328440000 
34999 0.0335340000 0.0344060000 0.0335790000 0.0335390000 0.0336100000 0.0332250000 0.0342520000 
35999 0.0346800000 0.0344740000 0.0343580000 0.0353600000 0.0353530000 0.0342390000 0.0340430000 
36999 0.0366140000 0.0359290000 0.0350500000 0.0349910000 0.0356620000 0.0350830000 0.0353310000 
37999 0.0356270000 0.0367790000 0.0359000000 0.0357620000 0.0352880000 0.0367310000 0.0359160000 
38999 0.0368370000 0.0373450000 0.0366830000 0.0363480000 0.0362330000 0.0372340000 0.0371860000 
39999 0.0375970000 0.0383530000 0.0372370000 0.0370240000 0.0380130000 0.0374550000 0.0373780000 
40999 0.0388800000 0.0384030000 0.0381830000 0.0387760000 0.0380430000 0.0377980000 0.0388440000 
41999 0.0388940000 0.0387500000 0.0394560000 0.0386740000 0.0387790000 0.0402150000 0.0387380000 
42999 0.0389050000 0.0403430000 0.0426240000 0.0401620000 0.0395720000 0.0388300000 0.0401030000 
43999 0.0508100000 0.0408870000 0.0401430000 0.0395790000 0.0408950000 0.0402100000 0.0412910000 
44999 0.0411860000 0.0419450000 0.0408520000 0.0400470000 0.0417820000 0.0407480000 0.0416580000 
45999 0.0416630000 0.0426060000 0.0416640000 0.0424740000 0.0426590000 0.0422250000 0.0421900000 
46999 0.0427480000 0.0417840000 0.0430290000 0.0420290000 0.0429870000 0.0421460000 0.0429400000 
47999 0.0430470000 0.0441260000 0.0433000000 0.0437320000 0.0429430000 0.0437050000 0.0431610000 
48999 0.0449370000 0.0441840000 0.0444460000 0.0442990000 0.0444550000 0.0436530000 0.0445830000 
