196 1000
179 25 1
25 101 0
101 170 0
25 20 0
179 59 1
20 8 1
8 37 0
20 140 1
140 60 1
59 157 0
157 44 0
179 24 0
170 36 0
8 2 0
37 53 0
24 68 0
44 41 0
36 133 0
36 120 1
41 111 1
101 42 0
170 85 0
179 180 0
140 6 0
101 108 1
37 35 0
2 150 0
25 130 1
8 74 1
108 91 0
20 29 1
180 166 1
133 31 1
42 10 0
74 70 0
20 76 0
91 34 0
29 69 1
85 27 1
59 135 1
60 129 1
157 9 1
180 182 1
140 92 1
179 71 1
135 125 1
9 172 1
179 16 1
25 87 1
37 174 0
92 65 1
27 167 1
85 1 1
31 187 1
130 147 1
44 181 1
70 113 1
37 146 0
85 155 1
129 83 0
76 137 1
113 50 0
150 151 0
129 132 0
132 124 1
87 39 1
65 46 1
71 19 1
24 66 1
83 128 1
179 99 0
92 28 1
41 67 1
28 186 0
83 0 0
108 190 0
132 145 1
137 122 1
25 123 0
28 4 1
166 163 0
108 95 1
132 192 1
170 178 1
111 56 1
123 78 0
68 5 1
59 188 1
128 119 0
179 23 0
113 139 0
85 7 1
6 161 1
76 144 0
99 148 1
83 173 1
71 58 0
124 165 1
71 75 1
124 73 0
50 158 1
24 15 1
83 104 1
71 51 0
53 61 0
23 62 1
4 194 0
37 54 1
62 32 1
32 40 1
6 171 0
2 38 0
69 143 0
53 72 0
40 17 0
39 45 1
165 18 1
17 81 1
155 96 0
51 189 0
130 94 0
172 21 0
129 79 0
135 48 1
9 156 0
178 82 0
37 141 0
58 114 1
75 121 1
31 84 0
137 193 0
70 89 0
95 176 0
182 64 1
130 86 0
137 162 0
104 52 0
91 47 1
20 98 0
65 160 0
36 136 1
50 3 0
59 126 1
71 63 1
0 159 1
78 138 1
29 49 1
172 12 0
165 169 1
108 168 0
74 154 1
144 134 0
12 88 0
157 109 0
174 191 0
173 77 0
89 80 0
25 153 1
40 13 0
158 164 1
1 117 0
150 105 0
84 195 1
8 26 0
8 110 1
195 55 0
187 30 1
81 115 0
47 90 0
32 14 1
56 33 1
87 149 1
82 185 1
120 106 1
32 93 1
91 97 1
148 43 0
140 107 1
17 175 0
35 112 0
148 102 1
154 22 0
59 184 1
195 152 0
89 57 1
38 142 1
66 118 1
124 100 1
94 116 0
13 127 1
88 183 1
46 103 0
166 131 1
185 11 1
55 177 1
26 164 0
148 143 0
28 176 0
37 7 0
55 131 0
128 125 0
136 11 0
134 36 0
187 183 0
58 127 0
129 152 0
14 128 0
121 117 0
50 117 0
3 91 0
178 64 0
68 71 0
40 96 0
191 129 0
98 157 0
53 150 0
21 47 0
155 38 0
2 154 0
168 184 0
131 60 0
95 27 0
55 29 0
6 136 0
68 58 0
173 46 0
147 34 0
160 128 0
35 136 0
72 97 0
136 78 0
169 138 0
78 98 0
50 120 0
86 29 0
44 147 0
74 22 0
116 61 0
136 157 0
26 141 0
192 8 0
4 70 0
105 53 0
42 19 0
160 5 0
15 174 0
8 90 0
46 3 0
111 161 0
40 72 0
174 65 0
28 83 0
142 11 0
91 189 0
32 109 0
26 139 0
6 9 0
60 58 0
42 80 5425
133 51 0
193 164 -1218220968
108 83 32722
37 99 -1218220968
93 130 32722
124 7 0
176 76 0
160 2 0
175 51 0
137 20 0
130 110 25
32 153 20
103 185 0
82 80 179
55 129 59
89 28 1
107 109 20
42 107 8
19 171 1
89 47 8
151 165 37
63 105 0
50 85 20
98 79 140
82 129 1
73 0 140
19 93 60
135 79 1
81 133 59
131 42 157
46 38 0
87 19 157
53 116 44
143 116 0
97 85 179
179 32 24
175 163 0
142 186 170
85 80 36
108 143 0
142 163 8
93 185 2
28 46 0
185 148 37
16 67 53
33 192 0
131 12 24
112 68 68
25 81 0
46 151 44
167 81 41
8 67 0
163 57 36
96 193 133
104 107 0
60 130 36
176 43 120
174 140 1
131 18 41
12 25 111
194 87 1
1 35 101
49 153 42
150 77 0
97 190 170
21 169 85
19 143 0
65 131 179
174 143 180
119 49 0
54 112 140
91 153 6
79 63 0
116 174 101
51 11 108
119 46 1
31 38 37
174 118 35
9 131 0
156 57 2
118 195 150
34 54 0
72 31 25
88 76 130
7 176 1
72 126 8
194 23 74
71 36 1
7 46 108
21 125 91
175 145 0
38 69 20
72 1 29
75 95 1
168 146 180
163 20 166
128 190 1
172 110 133
72 29 31
181 48 1
182 118 42
108 26 10
20 84 0
75 116 74
101 92 70
178 182 0
141 157 20
187 91 76
175 85 0
34 194 91
168 194 34
24 48 0
103 162 29
99 191 69
179 147 1
153 23 85
138 44 27
67 103 1
104 189 59
54 65 135
141 34 1
110 51 60
109 153 129
22 3 1
130 184 157
149 141 9
161 98 1
180 50 180
34 123 182
190 180 1
178 9 140
136 106 92
70 137 1
86 98 179
113 99 71
161 175 1
121 97 135
186 190 125
117 95 1
183 155 9
12 78 172
128 61 1
125 114 179
36 159 16
112 133 1
113 72 25
67 151 87
185 168 1
185 19 37
48 149 174
162 53 0
72 41 92
74 64 65
34 188 1
169 32 27
19 55 167
130 53 1
123 137 85
79 23 1
81 18 1
187 167 31
64 69 187
146 71 1
89 161 130
96 117 147
154 93 1
101 181 44
158 44 181
178 175 1
107 164 70
170 115 113
118 167 1
166 47 37
179 89 146
100 173 0
123 61 85
166 119 155
60 141 1
168 111 129
75 105 83
94 55 0
150 112 76
166 162 137
77 37 1
56 82 113
7 70 50
114 120 0
57 177 150
7 106 151
122 126 0
0 173 129
110 30 132
58 67 0
100 147 132
15 6 124
146 77 1
172 29 87
41 7 39
172 67 1
18 146 65
4 38 46
46 183 1
184 186 71
102 5 19
144 94 1
101 74 24
50 43 66
15 145 1
187 3 83
103 151 128
53 7 1
150 120 179
140 105 99
126 107 0
119 61 92
78 122 28
81 155 1
105 159 41
167 104 67
54 81 1
60 100 28
8 25 186
172 44 0
162 78 83
42 17 0
43 173 0
65 150 108
76 3 190
98 150 0
55 120 132
91 54 145
66 26 1
96 170 137
123 84 122
179 92 1
31 101 25
86 187 123
153 165 0
6 144 28
89 74 4
117 21 1
120 99 166
187 16 163
59 156 0
119 133 108
68 3 95
60 18 1
34 44 132
167 146 192
129 4 1
178 146 170
130 120 178
108 50 1
69 166 111
46 14 56
28 61 1
126 57 123
115 101 78
98 105 0
172 40 68
104 132 5
108 27 1
193 30 59
96 30 188
119 35 1
168 110 128
9 51 119
193 78 0
93 23 179
182 40 23
139 39 0
57 171 113
63 144 139
191 54 0
51 17 85
65 187 7
77 85 1
92 111 6
51 138 161
58 154 1
54 125 76
118 106 144
62 37 0
179 111 99
122 0 148
35 156 1
140 22 83
39 138 173
12 31 1
103 143 71
31 32 58
111 11 0
111 155 124
170 108 165
110 148 1
92 128 71
69 17 75
135 132 1
174 36 124
81 8 73
185 151 0
107 56 50
61 141 158
160 92 1
126 117 24
188 118 15
24 108 1
150 161 83
138 34 104
125 107 1
59 194 71
172 8 51
154 77 0
166 195 53
91 148 61
102 136 0
124 109 23
132 94 62
99 125 1
191 192 4
121 172 194
94 131 0
44 83 37
28 19 54
172 98 1
156 96 62
72 114 32
88 26 1
80 121 32
24 12 40
193 81 1
101 53 6
5 51 171
101 117 0
66 33 2
176 39 38
18 140 0
136 75 69
123 5 143
8 36 0
81 49 53
74 139 72
158 45 0
168 53 40
3 84 17
126 112 0
30 14 39
189 184 45
140 16 1
160 124 165
116 0 18
48 93 1
81 3 17
169 135 81
80 83 1
24 21 155
70 81 96
127 149 0
115 129 51
67 175 189
26 14 0
132 121 130
127 120 94
62 160 0
9 126 172
150 10 21
142 140 0
15 162 129
51 172 79
8 195 0
125 138 135
90 173 48
84 143 1
18 152 9
31 2 156
11 190 0
57 3 178
146 53 82
52 167 0
141 44 37
70 33 141
163 114 0
127 29 58
194 153 114
194 93 1
102 105 75
103 17 121
20 6 1
170 117 31
33 24 84
178 56 0
4 60 137
182 90 193
35 98 0
90 108 70
69 167 89
121 193 0
49 74 95
175 94 176
167 90 0
3 55 182
106 33 64
42 7 1
15 33 130
155 143 86
61 177 0
172 3 137
186 20 162
94 8 0
155 195 104
128 27 52
155 27 0
171 178 91
2 83 47
110 183 1
89 150 20
119 186 98
54 167 0
98 191 65
124 24 160
188 192 0
96 93 36
73 160 136
81 140 1
85 87 50
29 187 3
91 42 0
26 160 59
183 34 126
16 1 1
123 90 71
120 26 63
125 159 1
111 34 0
103 112 159
93 174 1
97 82 78
15 164 138
146 110 1
173 131 29
48 177 49
179 53 1
137 62 172
32 17 12
25 172 0
94 99 165
21 177 169
141 7 1
113 8 108
162 45 168
83 97 0
42 26 74
48 183 154
151 110 1
2 33 144
78 0 134
92 190 0
35 147 12
122 108 88
41 28 0
89 133 157
167 98 109
142 89 0
142 22 174
39 49 191
155 76 0
174 170 173
134 155 77
160 179 0
110 89 89
188 105 80
53 16 0
79 46 25
156 114 153
37 133 1
155 68 40
60 147 13
69 141 0
130 166 158
170 112 164
34 70 1
81 109 1
67 36 117
161 107 0
87 107 150
6 99 105
122 188 0
50 25 84
27 6 195
135 20 1
167 159 8
195 53 26
118 169 0
58 179 8
167 136 110
45 12 1
149 175 195
17 138 55
185 160 0
174 176 187
19 59 30
187 172 1
148 59 81
68 149 115
189 155 0
19 37 47
24 190 90
14 41 0
36 106 32
38 152 14
47 96 1
181 177 56
73 10 33
114 154 1
102 45 87
146 41 149
21 18 1
184 167 82
159 11 185
56 124 1
134 76 120
13 185 106
1 189 1
184 152 32
83 76 93
174 120 1
24 129 91
146 76 97
6 185 1
157 124 148
7 12 43
184 89 0
92 79 140
109 181 107
110 57 1
133 186 17
143 58 175
180 102 0
126 76 35
81 7 112
0 164 0
77 107 148
14 66 102
108 194 1
159 14 154
157 182 22
187 21 0
31 154 59
67 5 184
80 117 1
44 19 195
103 23 152
83 17 0
132 52 89
78 118 57
149 96 1
66 18 38
101 57 142
18 135 1
183 81 66
58 175 118
86 66 1
180 4 124
16 50 100
157 192 1
116 139 94
174 194 116
112 173 0
130 28 13
46 128 127
104 69 1
24 132 88
21 66 183
132 108 1
192 43 46
79 103 103
149 145 0
128 13 166
154 193 131
169 59 1
179 36 185
192 145 11
184 19 1
182 20 55
142 119 177
126 74 1
39 167 26
4 195 164
167 72 0
113 23 148
49 163 143
132 38 0
93 162 28
86 95 176
68 132 0
116 39 37
180 187 7
63 67 0
91 57 55
179 93 131
4 158 0
176 74 128
143 172 125
140 7 0
172 88 136
135 10 11
125 119 0
124 3 134
157 94 36
97 176 0
190 18 187
176 179 183
114 112 0
70 132 58
155 88 127
68 35 0
144 150 129
74 51 152
114 144 0
6 100 14
30 144 128
45 70 0
150 183 121
78 77 117
84 186 0
153 160 50
78 30 117
96 85 0
75 113 3
191 29 91
27 148 0
80 105 178
73 28 64
90 126 0
40 127 68
121 118 71
137 5 0
181 27 40
100 44 96
155 176 0
185 87 191
90 87 129
150 171 0
187 178 98
104 164 157
34 128 0
80 102 53
75 188 150
176 147 0
191 134 21
157 36 47
194 88 0
6 63 155
164 69 38
113 26 0
115 117 2
1 135 154
96 38 0
92 150 168
35 63 184
173 7 0
134 58 131
184 169 60
148 105 0
168 180 95
68 144 27
12 140 0
2 46 55
117 35 29
132 182 0
27 135 6
145 189 136
52 55 0
149 178 68
106 195 58
20 61 0
163 90 173
96 32 46
171 14 0
65 143 147
0 130 34
5 128 0
40 5 160
22 56 128
36 17 0
92 49 35
121 26 136
110 114 0
149 157 72
148 72 97
122 130 0
1 149 136
189 22 78
176 54 0
54 177 169
102 121 138
168 69 0
144 18 78
159 115 98
2 143 0
116 33 50
3 43 120
112 32 0
48 59 86
86 128 29
27 193 0
76 30 44
103 48 147
136 151 0
154 39 74
16 79 22
148 164 0
164 186 116
170 157 61
2 95 0
31 150 136
65 119 157
16 119 0
74 24 26
49 147 141
58 55 0
2 108 192
23 162 8
157 30 0
146 117 4
57 95 70
154 78 0
63 57 105
119 19 53
95 56 0
39 75 42
167 71 19
28 166 0
75 183 160
124 97 5
23 134 0
69 145 15
26 12 174
177 25 0
88 55 8
67 78 90
