846 1000
767 97 1
767 711 0
711 317 0
97 426 0
426 683 1
426 154 1
154 692 0
767 539 1
711 9 0
426 271 0
426 457 0
683 743 0
457 179 0
743 192 0
192 29 0
743 735 0
179 729 0
192 821 1
821 567 1
192 372 0
567 528 0
692 19 0
735 810 0
97 302 1
743 588 0
692 171 0
192 763 1
729 727 1
528 532 0
539 204 1
179 705 1
821 391 1
821 131 0
683 36 0
810 536 0
567 571 0
204 108 1
588 663 1
692 17 1
19 725 1
810 716 1
727 208 1
743 151 1
302 594 1
663 56 1
302 111 1
29 774 1
663 380 1
663 368 0
56 165 1
767 118 1
663 342 1
725 694 1
97 512 1
810 759 1
426 598 1
759 105 0
108 730 1
317 685 0
588 436 1
685 81 0
165 370 1
391 568 0
391 180 0
165 517 1
81 845 1
528 330 1
436 275 1
208 256 1
821 122 1
179 498 0
767 233 1
743 93 1
256 549 0
118 487 0
810 86 0
105 69 1
36 235 1
105 325 0
131 247 1
568 194 0
810 826 1
457 318 1
179 157 1
105 445 1
275 497 0
180 35 1
517 394 1
247 351 0
588 68 0
571 269 0
105 551 1
317 838 1
716 303 0
303 390 1
179 170 1
445 136 0
711 217 1
549 660 1
256 59 0
588 554 1
157 412 1
171 799 1
799 334 0
351 50 0
233 613 1
86 357 0
151 64 1
233 295 1
705 605 1
35 411 0
799 354 0
394 676 0
357 173 0
108 123 0
247 301 1
759 748 1
154 569 1
342 403 0
171 209 0
136 251 0
763 645 0
275 812 0
330 201 1
571 710 0
532 177 0
317 140 0
201 326 1
743 144 0
69 88 0
457 230 0
154 289 0
380 595 1
457 34 0
588 775 0
826 315 0
711 504 1
326 534 0
685 827 0
725 572 1
251 637 0
457 591 1
303 530 1
144 290 1
105 270 1
411 258 1
504 484 0
512 825 1
554 828 0
275 470 1
271 631 0
549 521 0
35 562 0
36 418 0
256 395 0
759 219 0
108 366 1
554 407 0
317 417 1
711 305 0
9 756 0
569 278 1
394 413 0
729 253 1
270 492 0
759 336 1
498 640 0
799 128 0
86 785 1
663 620 1
407 33 1
179 612 1
743 758 1
271 709 1
64 649 1
201 822 0
275 669 1
317 335 0
562 182 0
549 798 1
290 107 0
235 183 1
180 429 0
351 440 1
270 453 1
111 700 1
305 454 1
177 674 0
826 435 1
171 769 1
219 576 0
403 693 1
612 463 1
357 430 1
34 522 0
674 797 1
674 464 1
86 39 1
180 557 1
810 234 0
354 626 0
517 193 1
334 263 0
569 684 0
637 677 1
368 10 0
326 795 0
845 425 0
748 356 0
595 541 1
336 648 1
17 74 0
305 119 1
710 112 1
173 565 0
620 160 1
201 744 0
105 152 1
785 564 0
233 190 0
464 585 0
810 467 1
692 409 0
409 100 1
551 262 1
585 11 0
605 248 0
798 309 1
356 101 0
144 762 0
484 12 0
645 459 0
459 741 1
182 833 0
356 510 1
122 584 0
34 477 1
160 281 1
445 665 1
665 623 1
122 260 0
305 82 0
59 750 1
111 556 0
562 282 0
35 84 0
204 195 0
39 811 0
318 375 0
637 524 0
182 599 1
798 597 0
694 308 0
694 398 0
64 506 1
464 587 1
29 619 1
248 461 1
318 355 1
445 606 1
822 581 1
599 668 1
217 476 0
233 347 0
735 555 1
260 54 0
613 450 0
290 661 1
450 697 0
347 187 0
709 652 0
253 723 0
461 786 0
380 538 1
554 788 0
173 688 0
355 706 1
375 345 1
450 471 0
585 338 0
351 401 1
663 161 0
154 628 1
251 493 1
401 312 1
193 666 0
179 448 1
597 16 0
838 22 1
827 602 1
743 615 1
165 159 1
758 124 1
278 186 1
413 560 1
572 210 0
413 399 1
183 644 0
767 707 1
290 734 0
136 432 1
522 245 0
743 191 1
217 586 0
549 791 1
355 486 1
338 231 1
97 501 0
182 765 1
347 760 0
233 664 0
440 485 1
88 746 1
615 745 1
799 609 0
454 714 1
487 658 0
677 702 0
741 316 1
826 578 0
637 340 1
9 237 0
122 500 0
248 783 1
435 601 0
35 675 1
485 241 1
597 362 1
797 479 0
497 218 1
551 808 1
675 583 1
557 499 0
295 79 0
251 117 1
81 138 1
838 60 1
435 689 1
303 804 1
295 189 0
180 265 0
302 824 1
685 70 0
744 455 0
506 349 0
407 125 1
448 682 0
763 755 1
253 400 1
609 651 1
826 406 0
97 135 0
82 213 0
486 127 1
684 482 0
477 520 0
613 608 0
608 427 1
412 621 1
326 7 0
195 339 0
760 264 1
194 150 0
520 408 0
409 691 1
734 738 1
39 72 0
50 695 0
295 473 0
354 27 1
583 296 0
138 378 1
538 670 1
588 113 1
189 548 0
60 807 1
34 630 0
406 8 0
72 31 1
339 519 1
356 137 1
334 57 1
560 438 0
774 590 0
245 650 1
528 456 1
512 149 1
723 243 1
10 443 0
799 341 0
576 365 1
81 163 1
445 95 0
152 244 1
744 839 0
454 481 0
477 607 1
35 654 1
378 386 0
253 392 0
693 653 0
524 537 0
630 121 1
338 460 1
395 704 0
464 382 0
487 226 1
520 26 1
585 388 1
707 94 0
769 337 1
81 254 1
204 699 1
81 333 0
86 175 1
204 428 1
79 250 0
26 814 1
602 274 0
180 708 0
105 13 1
524 495 0
190 439 0
318 488 1
597 802 0
418 102 1
70 199 0
493 722 1
335 30 0
838 817 1
370 129 0
26 396 1
270 713 1
107 444 0
658 242 1
459 147 0
399 313 1
208 141 1
68 196 1
183 359 0
637 306 0
798 681 1
791 222 0
548 25 0
295 75 0
615 543 1
435 367 0
16 402 0
251 678 1
519 266 1
317 509 0
541 475 1
70 550 1
473 437 0
119 622 1
734 99 1
29 553 0
50 424 0
390 659 0
275 624 0
727 280 1
388 733 1
457 58 1
258 634 1
12 291 1
788 174 1
260 679 1
484 777 1
512 423 0
144 360 0
177 472 0
677 751 0
111 529 1
681 844 1
654 592 0
755 376 0
463 206 1
461 611 1
481 726 1
248 38 0
30 252 0
260 801 1
595 712 0
111 139 1
712 800 1
565 66 1
497 221 1
682 166 1
588 45 1
56 525 0
712 55 1
69 364 0
86 47 0
439 42 1
241 1 0
626 835 1
651 73 1
289 657 1
394 416 1
122 98 1
166 158 1
738 126 1
676 516 1
365 419 0
406 772 1
388 742 1
798 4 0
64 732 1
295 559 1
305 343 1
8 314 1
699 815 1
506 283 1
597 527 0
290 62 1
16 80 0
464 286 0
359 610 1
316 766 1
12 778 1
33 304 1
620 223 1
551 229 1
333 185 1
206 531 1
139 535 1
473 603 0
695 352 0
653 841 0
448 639 1
218 132 0
226 319 0
499 257 0
424 167 0
705 809 0
125 130 1
692 15 1
199 518 0
138 71 0
304 505 1
815 469 0
786 831 0
783 829 1
435 307 0
235 162 0
471 836 0
305 133 1
827 816 0
610 321 0
126 561 1
223 579 1
659 383 1
305 616 0
692 503 1
121 643 0
695 542 0
7 67 1
518 228 1
477 761 0
519 768 0
316 540 0
251 53 1
313 176 1
517 272 0
400 172 1
645 384 0
705 614 0
801 465 1
296 348 1
66 625 0
4 224 1
343 686 1
228 91 0
189 489 0
233 350 1
282 673 0
244 717 0
485 580 0
237 781 1
595 216 1
368 596 0
717 61 1
318 784 0
423 297 1
308 323 1
39 181 1
196 491 1
342 496 0
251 358 1
503 701 0
723 446 1
774 690 0
301 696 1
475 116 0
839 212 1
152 299 0
132 466 0
597 220 1
223 776 0
189 298 1
74 322 0
204 728 0
432 5 0
133 381 1
448 288 0
520 754 0
678 115 1
135 211 0
535 83 1
408 294 1
8 468 1
224 415 1
141 703 0
584 671 0
228 787 1
195 41 1
649 483 1
568 153 0
93 770 0
263 433 0
443 261 0
735 494 0
206 377 1
649 458 0
549 641 0
128 545 0
70 77 1
440 523 1
119 739 0
213 818 1
815 225 1
403 837 0
25 441 1
355 589 1
585 442 1
296 239 1
82 405 1
542 490 0
241 300 0
248 52 0
81 718 0
527 46 1
223 214 0
699 155 0
41 44 0
598 547 1
9 329 0
436 148 0
377 353 1
517 202 0
649 813 1
115 324 0
326 232 1
560 655 0
594 14 0
77 721 1
403 789 1
181 142 0
341 793 1
472 823 1
649 267 1
701 20 1
659 24 1
845 249 0
579 552 1
223 573 1
160 771 1
36 276 0
488 143 1
372 240 0
481 51 1
532 207 1
640 698 1
473 803 1
798 110 1
486 28 0
276 840 0
378 533 0
521 397 0
77 434 0
696 361 0
692 369 0
33 790 1
151 389 0
369 747 1
22 794 1
336 635 0
811 3 1
494 724 0
622 558 0
204 764 0
288 719 1
99 331 0
456 6 0
797 43 0
248 604 1
794 656 1
239 779 0
244 178 0
506 642 0
149 106 0
758 680 1
364 757 0
466 279 0
579 92 1
47 63 1
466 526 0
92 145 0
685 188 1
465 462 0
5 168 0
605 32 1
323 582 0
223 646 0
701 740 0
280 246 0
528 293 1
641 715 0
133 2 0
194 37 0
188 18 1
768 508 1
251 507 1
59 203 1
495 373 1
329 273 1
82 65 0
545 76 0
450 792 1
704 843 0
616 638 1
309 449 0
275 40 1
357 328 1
149 109 0
604 447 1
696 834 0
681 513 1
88 332 1
258 753 1
487 169 0
273 134 0
567 570 1
263 633 1
580 259 0
681 515 0
314 311 1
367 773 1
477 474 1
88 164 1
66 514 1
311 636 0
27 346 1
494 667 1
377 268 1
597 600 1
541 431 0
31 737 0
232 575 0
213 832 0
677 752 0
703 327 1
94 780 0
394 200 0
661 647 0
665 238 1
508 227 0
653 379 1
274 371 1
682 511 1
815 146 1
166 421 0
558 198 0
586 0 0
441 387 1
503 830 0
10 566 0
230 618 0
148 574 0
845 632 1
293 156 0
241 215 1
832 546 1
395 617 0
560 749 1
492 720 0
387 277 0
585 393 0
118 85 1
224 284 1
26 480 1
716 114 1
659 320 0
423 104 0
250 422 0
108 662 1
289 236 0
492 687 1
100 544 1
55 502 1
738 629 0
712 374 0
166 49 1
191 806 0
773 563 1
163 287 1
810 842 0
194 120 0
30 736 0
45 478 1
77 292 0
510 255 1
643 627 1
157 96 1
174 805 1
13 593 1
308 310 0
821 414 0
365 782 1
683 197 1
475 420 0
643 344 1
639 48 1
462 205 1
602 78 0
268 819 0
333 451 0
521 672 0
581 577 0
259 285 1
715 731 1
605 363 1
4 796 1
112 452 0
552 410 1
569 21 0
565 90 0
432 184 1
121 404 0
608 820 1
251 89 1
264 23 1
255 385 1
645 103 0
251 87 1
119 381 0
471 138 0
356 148 0
656 659 0
86 166 0
93 418 0
460 388 0
147 719 0
424 200 0
283 687 0
410 171 0
344 478 0
763 794 0
174 373 0
832 205 0
471 23 0
292 248 0
209 379 0
112 68 0
668 712 0
9 379 0
737 169 0
262 174 0
251 816 0
130 42 0
600 169 0
79 657 0
155 144 0
711 40 0
363 176 0
595 10 0
119 759 0
842 76 0
672 661 0
637 351 0
289 604 0
727 259 0
498 20 0
441 456 0
80 28 0
442 212 0
685 492 0
694 646 0
50 562 0
799 422 0
11 683 0
210 273 0
599 670 0
41 318 0
78 205 0
286 151 0
576 818 0
140 46 0
262 336 0
329 247 0
49 151 0
228 349 0
571 600 0
125 624 0
207 621 0
368 129 0
751 328 0
309 93 0
844 464 0
796 712 0
63 521 0
125 744 0
507 208 0
211 131 0
212 82 0
78 82 0
726 126 0
9 767 0
440 525 0
724 688 0
776 337 0
334 243 0
728 372 0
841 325 0
729 715 0
34 365 0
5 351 0
415 510 0
244 718 0
498 419 0
815 542 0
222 745 0
524 154 0
641 755 0
295 462 0
771 590 0
405 252 0
711 186 0
375 781 0
162 536 0
778 38 0
413 646 0
791 103 0
503 842 0
794 387 0
348 268 0
654 838 0
367 511 0
461 741 0
68 497 0
468 395 0
399 755 0
121 447 0
758 145 0
591 410 0
518 579 0
704 250 0
403 151 0
149 466 0
416 639 0
188 339 0
256 313 0
99 16 0
125 121 0
412 582 0
300 213 0
405 247 0
106 845 0
85 490 0
739 147 0
285 181 0
562 173 0
266 370 0
425 494 0
826 161 0
410 653 0
33 290 0
384 69 0
226 266 0
807 105 0
293 280 0
203 683 0
623 19 0
215 284 0
685 506 0
558 676 0
395 43 0
19 237 0
287 259 0
368 676 0
688 230 0
109 64 0
724 712 0
839 780 0
843 678 0
413 567 0
657 794 0
79 492 0
452 434 0
390 803 0
