896 1000
795 837 1
837 736 0
736 166 0
837 583 0
837 585 1
583 493 1
736 322 0
583 634 1
166 69 0
634 454 0
795 773 0
634 20 0
322 883 0
883 771 0
322 43 0
43 580 0
454 849 0
20 385 1
580 735 1
20 63 0
454 37 0
735 276 0
735 601 0
849 310 1
69 218 0
585 242 0
736 814 1
63 892 1
892 108 0
310 386 1
814 842 1
322 727 1
43 524 0
218 674 0
674 312 0
310 819 0
674 308 1
819 587 1
493 815 1
524 321 1
883 878 1
583 633 1
849 14 1
674 344 1
773 109 1
819 839 1
883 240 1
310 532 1
583 635 0
69 785 1
454 649 1
308 268 1
773 459 1
674 767 1
849 868 1
242 603 1
585 679 0
635 596 1
109 145 0
674 782 1
795 672 0
585 15 0
815 384 0
633 111 1
524 83 1
321 734 1
878 35 1
111 797 1
635 182 1
386 78 0
868 714 1
20 217 1
321 665 0
384 852 0
166 383 0
322 838 1
15 779 1
166 288 0
892 685 1
837 432 0
43 215 1
734 509 1
596 366 1
868 701 1
14 13 0
701 143 1
384 758 1
583 504 0
215 96 0
459 834 0
524 422 1
583 345 1
308 95 0
633 231 1
797 712 1
95 821 0
95 339 1
779 261 1
585 55 0
758 71 1
674 644 1
432 320 1
603 466 0
218 705 0
366 114 1
665 412 0
736 726 1
679 581 1
412 723 1
596 663 0
782 789 0
276 732 0
814 370 0
635 858 0
217 864 1
69 258 1
726 720 1
815 690 0
672 221 0
734 776 0
727 562 0
261 275 0
858 706 1
685 598 0
13 262 0
366 513 0
837 777 1
883 54 0
892 44 0
109 697 0
96 234 0
386 589 1
649 671 0
513 405 0
672 148 0
383 396 1
697 407 0
275 376 0
734 535 1
714 421 0
261 220 1
795 420 1
723 278 1
412 374 1
679 546 1
321 769 0
108 762 1
288 82 0
44 291 1
720 160 0
782 764 0
797 282 0
166 630 0
819 817 0
524 689 0
504 127 1
396 673 0
727 464 1
71 854 0
148 355 0
797 154 1
14 542 0
634 796 1
454 889 0
37 130 1
383 327 0
275 33 0
785 833 1
834 417 1
43 26 1
234 272 1
130 820 1
665 653 1
417 863 1
339 552 0
220 564 1
459 870 0
892 499 0
109 467 1
833 781 0
542 343 1
838 317 0
83 807 1
154 287 1
889 159 1
863 631 1
758 754 0
44 129 1
585 684 1
114 805 0
580 444 1
685 31 1
796 273 1
96 853 0
769 211 1
322 424 1
769 799 1
581 103 1
889 214 0
631 65 0
396 678 1
838 460 0
291 30 0
663 827 1
712 669 0
211 72 0
564 578 0
160 68 0
322 496 1
459 372 1
821 248 0
54 89 1
322 188 1
673 778 0
671 155 1
799 196 0
464 294 1
673 895 0
327 301 0
13 602 0
383 253 1
769 387 0
20 149 1
513 788 1
777 530 0
421 471 0
723 347 1
345 256 0
366 483 0
417 336 0
160 153 0
834 495 1
282 728 0
153 840 1
603 811 0
69 643 1
842 537 1
504 6 1
287 171 1
374 184 1
631 2 0
839 99 0
665 85 1
496 604 0
853 700 0
339 251 0
796 225 0
372 445 0
366 178 0
182 303 0
108 333 1
633 29 0
310 299 0
422 61 0
643 655 1
819 492 1
253 766 1
532 163 1
635 50 1
29 364 1
732 448 1
145 263 1
631 716 0
163 521 0
89 675 1
263 475 0
726 270 0
35 363 1
834 49 0
273 12 0
432 361 0
459 614 0
868 708 0
240 19 1
690 174 0
83 316 0
771 710 1
19 611 1
459 164 0
263 745 0
758 298 1
552 831 0
837 438 1
218 804 1
15 613 1
678 133 0
96 140 1
344 553 0
708 141 1
727 116 1
422 554 1
220 666 1
788 742 1
129 190 1
263 656 1
762 584 0
454 212 1
217 825 0
26 53 1
231 894 0
889 739 1
2 416 0
852 616 1
385 798 0
383 600 1
103 165 1
218 452 1
270 296 0
504 744 1
771 476 0
347 290 0
834 228 1
720 266 1
820 572 1
188 123 0
95 561 1
412 379 0
127 5 0
795 443 1
894 210 0
127 686 1
825 865 0
483 848 0
333 743 1
697 86 0
795 768 1
542 247 1
258 183 1
109 563 0
272 597 1
148 136 1
29 449 1
603 528 0
804 540 0
734 617 1
364 759 1
705 67 1
242 239 1
190 395 1
744 508 0
366 575 0
296 198 1
811 346 0
815 871 0
370 888 0
708 293 1
773 286 0
449 792 1
99 621 1
769 39 0
495 28 0
49 391 0
50 94 1
799 772 0
65 157 0
644 118 0
792 271 1
116 463 1
769 520 0
374 791 0
196 246 1
228 851 0
5 560 0
118 93 1
35 522 1
246 667 0
675 747 0
530 209 0
581 437 1
278 555 0
49 332 1
86 619 1
827 695 1
310 394 0
258 358 1
819 150 0
656 573 0
332 803 1
148 156 1
732 570 1
405 51 1
883 529 0
764 526 0
526 142 1
103 774 1
78 415 1
858 733 1
529 750 0
820 884 0
728 507 1
291 715 1
372 737 0
258 687 1
537 446 0
118 120 0
507 167 1
417 249 1
789 497 0
63 311 0
727 605 0
184 595 0
333 24 1
454 856 1
782 523 0
386 724 0
290 373 1
553 3 1
733 514 1
706 625 0
361 662 1
817 81 1
215 295 1
483 847 0
723 79 1
415 255 1
689 227 0
153 503 1
797 651 0
667 125 0
601 314 1
165 717 0
864 434 0
769 775 1
467 318 0
847 207 1
771 397 0
831 205 1
258 351 0
553 629 1
333 512 0
444 822 1
373 100 1
849 158 0
136 335 1
33 223 0
220 404 1
759 59 1
61 267 1
768 877 0
68 354 0
448 381 1
370 41 0
492 557 0
811 624 0
397 860 1
466 161 0
114 337 0
570 872 1
276 681 1
13 126 0
764 66 1
332 566 1
614 356 0
133 713 1
667 609 1
781 607 0
100 191 0
777 518 0
335 551 0
671 380 1
291 693 1
471 307 1
316 810 1
343 257 1
15 692 1
79 582 1
267 486 1
557 350 0
380 502 0
41 571 0
858 457 0
837 4 1
834 875 1
288 484 0
345 548 0
228 313 1
6 886 1
601 134 1
108 232 0
502 410 0
165 549 1
157 426 0
476 216 1
321 439 1
335 402 1
554 620 1
838 236 1
849 435 1
108 315 0
872 84 1
692 699 0
386 124 0
53 401 1
602 711 0
78 691 1
687 569 1
799 740 1
889 245 1
471 233 1
318 97 1
701 52 1
619 567 1
655 306 0
540 172 1
361 430 1
774 177 0
573 763 1
332 841 1
601 331 1
49 519 1
415 829 1
665 615 1
673 110 0
306 458 1
136 591 0
662 389 0
499 219 1
12 813 1
585 146 1
164 612 1
635 77 1
532 485 1
497 433 1
575 260 1
183 47 1
415 784 0
336 329 0
150 862 0
849 121 1
475 441 0
678 794 0
255 890 0
811 40 0
236 90 0
717 281 1
161 388 1
519 197 0
15 189 0
888 80 1
578 128 0
83 824 0
321 473 1
735 11 0
524 56 0
889 368 0
743 338 1
603 556 0
561 462 0
86 202 1
404 91 1
739 147 1
63 7 0
504 574 1
773 175 0
601 427 0
379 75 1
68 8 1
307 707 0
865 250 0
288 442 0
551 25 1
245 390 1
368 505 0
307 873 1
689 500 0
276 181 0
679 326 1
441 648 1
376 622 0
631 88 1
884 579 1
432 144 0
779 660 0
366 642 1
699 57 0
612 538 0
526 893 0
140 201 1
63 702 1
747 874 0
301 481 1
551 16 0
16 36 1
216 565 1
427 818 1
346 112 1
854 869 0
856 238 1
818 46 0
197 302 1
560 348 0
223 425 1
30 378 0
125 809 1
690 790 0
833 222 0
5 544 1
633 135 0
856 64 1
238 431 0
767 627 0
651 753 0
505 801 1
779 704 0
335 58 0
88 252 1
217 392 0
252 10 1
776 284 1
49 323 1
317 568 1
675 626 0
871 511 0
768 647 1
385 340 1
724 151 1
635 292 0
291 752 0
522 539 0
167 879 0
841 800 0
697 382 1
625 738 0
387 477 0
276 676 0
878 371 1
583 132 1
444 641 0
55 206 1
238 881 1
822 229 0
181 138 1
585 423 1
598 757 1
562 179 1
67 594 1
387 787 0
865 393 0
164 632 0
601 408 0
757 328 1
739 259 0
423 659 0
523 330 0
745 73 1
752 867 0
3 885 0
80 756 1
862 297 0
370 494 1
457 576 0
552 506 1
745 657 0
348 498 0
773 802 1
753 718 1
507 195 0
284 731 1
155 741 1
807 365 1
459 139 1
67 398 1
270 277 0
151 280 1
589 729 1
242 414 1
19 586 0
383 543 1
700 828 0
759 698 1
317 244 1
596 525 1
340 0 1
563 115 1
612 664 0
575 428 0
0 362 0
161 185 0
525 436 0
255 703 1
172 480 0
495 618 0
849 590 1
256 235 0
77 193 1
157 399 1
571 545 0
563 816 1
803 843 0
272 491 0
575 472 0
442 770 1
67 241 0
609 187 0
164 876 0
681 465 1
250 101 1
90 131 0
223 9 0
704 748 0
33 533 0
435 22 1
769 353 0
634 593 0
240 285 1
167 169 1
657 413 0
818 623 0
743 606 1
659 237 0
498 470 0
460 429 1
144 891 0
815 517 0
251 638 0
177 846 0
517 510 1
457 264 0
858 453 0
257 45 0
444 349 1
343 559 1
514 92 1
393 105 1
737 861 1
553 18 1
371 254 0
848 780 0
92 746 1
453 588 0
756 857 1
292 749 0
553 204 1
773 531 1
503 203 0
573 786 1
781 17 0
66 173 1
626 835 1
410 826 1
420 859 0
308 70 0
57 334 1
148 688 1
154 342 0
602 186 0
834 812 1
852 640 1
615 377 1
757 765 1
441 309 1
591 654 0
29 325 1
131 418 1
364 683 1
11 213 1
251 608 0
259 102 0
56 194 0
214 23 0
665 501 0
649 274 1
114 599 0
389 357 0
683 547 0
92 113 1
86 855 0
698 725 1
790 652 1
28 680 1
838 269 1
766 478 0
700 832 0
508 592 0
805 636 1
789 107 0
678 882 0
83 447 0
855 628 0
211 479 1
566 360 0
575 451 1
611 450 1
778 751 0
183 516 1
665 32 0
700 610 0
674 305 0
185 722 1
92 658 1
817 668 1
495 230 1
340 34 0
401 536 0
728 887 0
218 324 1
642 490 0
671 38 1
647 369 1
812 550 1
535 319 0
563 880 0
178 289 1
164 845 0
807 850 1
788 793 1
438 515 0
772 199 0
444 104 0
423 162 1
659 534 0
182 866 1
894 694 1
267 367 1
716 461 1
108 677 1
717 224 0
560 482 0
835 406 1
614 823 1
644 836 0
287 352 1
746 341 1
587 27 1
841 62 0
308 755 0
611 670 0
482 137 0
85 469 0
662 1 1
9 806 1
245 844 1
710 359 1
324 682 0
99 98 1
640 541 0
890 527 0
30 419 1
506 455 0
104 87 1
555 74 1
632 122 1
534 76 1
302 637 0
700 180 1
803 808 0
18 117 0
253 200 1
267 409 0
368 192 0
203 168 1
846 243 1
477 696 0
889 283 1
855 48 1
717 300 0
342 661 0
183 106 1
111 265 0
805 226 0
506 760 0
584 721 0
322 21 1
289 304 1
46 645 0
806 558 1
12 487 0
477 474 0
83 42 0
778 650 1
840 176 0
557 411 0
625 400 0
492 403 1
621 830 0
254 456 1
892 170 0
313 709 1
174 761 1
451 646 0
407 488 1
546 60 0
384 489 0
168 375 1
624 152 1
828 783 1
225 468 1
478 440 0
241 577 0
263 639 1
465 279 0
629 119 1
595 730 1
6 208 0
859 719 0
378 814 1
136 32 0
849 398 0
301 679 0
21 716 0
358 706 0
179 595 0
331 744 0
586 81 0
106 23 0
396 140 0
797 688 0
106 662 0
362 428 0
101 849 0
143 890 0
455 879 0
786 139 0
463 412 0
577 723 0
550 57 0
30 705 0
732 252 0
647 161 0
491 718 0
825 354 0
3 867 0
210 67 0
75 156 0
732 263 0
239 675 0
574 311 0
620 472 0
718 685 0
65 731 0
590 320 0
164 887 0
122 139 0
796 582 0
90 147 0
311 792 0
127 160 0
62 277 0
366 446 0
288 696 0
286 73 0
483 780 0
531 323 0
20 805 0
707 462 0
1 43 0
860 360 0
590 289 0
379 833 0
625 367 0
413 731 0
465 750 0
666 859 0
423 548 0
80 75 0
38 94 0
894 848 0
137 700 0
156 93 0
278 168 0
563 879 0
672 698 0
391 308 0
634 517 0
382 493 0
851 651 0
98 839 0
530 203 0
535 365 0
306 541 0
803 602 0
631 594 0
777 887 0
158 140 0
437 719 0
260 309 0
83 804 0
188 170 0
281 404 0
304 708 0
853 390 0
331 61 0
276 26 0
562 829 0
895 178 0
381 466 0
579 641 0
732 703 0
849 311 0
591 252 0
207 100 0
95 637 0
729 376 0
468 94 0
306 488 0
870 696 0
29 528 0
350 123 0
153 354 0
572 182 0
