142 10000
67 34 1
34 84 0
84 21 1
67 103 0
103 88 1
67 53 0
53 70 1
88 140 0
53 58 1
67 1 1
53 94 1
88 75 1
58 10 0
70 45 1
10 91 1
140 28 1
1 141 1
94 102 1
88 73 1
53 99 0
102 122 1
99 18 0
70 69 0
75 11 1
94 116 0
70 118 1
34 3 1
53 5 1
34 20 0
1 50 0
3 121 1
3 13 1
103 132 0
73 93 0
141 101 1
103 64 1
67 46 0
64 77 1
101 76 1
116 127 1
64 61 0
141 35 0
102 96 0
53 80 1
64 27 1
99 92 0
127 48 0
70 2 0
88 9 1
3 16 0
67 8 1
64 138 1
45 26 1
61 30 0
116 31 0
101 14 1
140 128 0
21 89 0
64 130 0
50 15 0
69 110 0
28 82 0
76 62 0
58 66 0
21 56 0
67 55 1
21 42 0
103 71 0
30 133 1
93 124 0
45 120 1
55 119 0
82 106 1
15 100 1
120 81 0
42 97 1
118 54 1
26 129 0
73 59 0
140 22 1
5 108 0
106 107 0
140 136 0
18 12 0
61 44 1
106 117 1
97 51 0
91 137 0
141 68 0
16 83 1
16 85 0
50 79 1
85 7 1
16 40 0
67 135 1
20 139 1
137 90 1
70 17 1
70 41 0
61 47 0
1 114 1
28 98 1
67 74 0
137 86 1
34 72 1
74 104 1
76 65 1
2 39 1
114 109 1
129 29 1
67 105 0
75 113 0
27 78 1
102 63 1
68 19 1
99 60 0
121 111 1
61 24 1
67 123 1
44 95 1
102 38 0
129 131 0
140 32 0
108 4 1
13 57 1
124 125 1
28 112 0
85 37 1
130 52 1
2 23 1
15 43 1
11 25 0
117 115 0
99 33 0
48 126 1
17 87 0
112 49 0
81 6 0
2 36 1
45 0 0
92 134 1
132 9 0
10 9 0
51 55 0
101 57 0
34 114 0
41 140 0
68 4 0
117 103 0
125 96 0
122 38 0
82 107 0
5 16 0
90 78 0
41 105 0
16 102 0
66 71 0
40 101 0
106 48 0
65 48 0
81 76 0
33 83 0
18 49 0
79 117 0
140 17 0
52 124 0
78 141 0
112 94 0
104 46 0
27 84 0
138 99 0
69 62 0
103 129 0
10 92 0
17 11 0
74 87 0
27 76 0
41 130 0
38 130 0
33 58 0
15 134 0
37 125 0
51 64 0
78 118 0
89 90 0
117 26 0
70 126 0
95 51 0
41 27 0
43 134 0
54 18 0
131 128 0
99 73 0
41 21 0
66 118 0
97 4 0
97 63 0
112 53 0
132 101 0
66 38 0
128 81 0
87 67 0
113 114 0
112 33 0
53 6 0
102 126 0
64 39 0
104 128 0
127 133 0
70 105 0
125 21 0
57 122 0
45 12 0
27 133 0
97 67 0
14 108 0
82 140 0
137 34 0
77 106 0
94 122 0
8 80 0
90 86 0
141 63 0
66 36 0
137 13 0
67 115 0
82 79 0
109 22 0
140 86 0
35 95 0
51 28 0
88 63 0
19 40 0
21 38 0
33 60 0
138 107 0
49 69 0
86 48 0
10 107 0
7 90 0
17 41 0
24 17 0
81 0 0
38 83 0
108 45 0
29 3 0
96 139 0
69 7 0
97 14 0
62 10 0
21 124 0
82 6 0
137 109 0
86 100 0
128 17 0
135 140 0
22 1 0
89 11 0
72 77 5425
3 96 0
80 43 821697624
76 37 32741
103 93 821697624
83 90 32741
82 16 0
101 18 0
136 113 0
127 128 0
94 54 1
14 76 67
58 124 103
86 46 0
1 126 103
25 132 88
28 45 1
129 79 67
114 37 53
129 110 0
49 48 53
80 81 70
131 4 1
13 108 88
16 35 140
75 9 0
23 16 53
64 119 58
43 12 1
118 25 67
41 22 1
44 79 1
108 131 53
82 31 94
49 55 1
79 9 88
120 99 75
61 140 1
22 19 58
16 47 10
31 21 0
58 43 70
108 41 45
110 54 1
2 89 10
14 60 91
14 82 1
71 132 140
105 16 28
52 106 1
101 97 1
55 138 141
130 71 1
125 60 94
28 73 102
71 90 1
8 119 88
104 122 73
114 38 1
1 109 53
40 0 99
46 111 0
8 61 102
114 115 122
64 33 1
34 76 99
108 27 18
89 65 0
82 72 70
117 60 69
105 103 0
112 20 75
22 7 11
76 13 1
126 82 94
74 109 116
49 100 0
109 127 70
93 123 118
26 102 1
1 35 34
99 61 3
63 27 1
2 91 53
73 124 5
21 97 1
76 137 34
7 30 20
80 73 0
116 115 1
112 26 50
0 3 0
16 64 3
89 24 121
54 126 1
1 3 3
141 91 13
90 20 1
47 75 103
59 118 132
104 30 0
74 1 73
122 95 93
126 92 0
22 57 141
104 61 101
54 108 1
1 135 103
90 98 64
88 90 1
83 22 67
73 90 46
18 76 0
68 58 64
110 17 77
133 6 1
88 17 101
40 67 76
76 128 1
102 34 116
81 8 127
80 68 1
139 93 64
53 2 61
31 65 0
88 97 141
107 46 35
70 15 0
62 36 102
125 136 96
78 28 0
134 121 53
83 1 80
101 43 1
88 110 64
113 87 27
24 30 1
138 58 99
31 131 92
28 21 0
36 68 127
66 130 48
116 66 0
77 83 70
38 1 2
85 77 0
71 140 88
43 63 9
89 107 1
45 91 3
46 123 16
0 8 0
131 77 67
103 106 8
85 39 1
0 76 64
131 32 138
38 128 1
55 137 45
59 44 26
39 12 1
6 14 61
119 39 30
117 137 0
10 37 116
135 141 31
44 141 0
39 36 101
125 43 14
98 100 1
67 120 140
85 14 128
63 105 0
24 117 21
122 86 89
41 107 0
136 105 64
42 27 130
121 86 0
91 12 50
19 106 15
136 123 0
5 105 69
138 61 110
92 50 0
24 33 28
2 12 82
105 117 0
90 104 76
16 32 62
100 95 0
7 100 58
77 132 66
6 126 0
24 58 21
24 130 56
105 10 0
75 51 67
31 102 55
74 18 1
52 120 21
42 78 42
127 70 0
45 76 103
110 52 71
33 123 0
65 102 30
19 51 133
65 27 1
28 79 93
6 121 124
88 36 0
103 11 45
103 18 120
129 32 1
72 23 55
30 13 119
2 98 0
77 99 82
39 25 106
96 115 1
74 116 15
90 47 100
94 19 1
90 53 120
31 106 81
14 127 0
28 127 42
1 102 97
41 99 1
15 21 118
91 127 54
16 6 1
81 24 26
102 32 129
23 73 0
75 111 73
122 76 59
104 19 0
129 130 140
76 60 22
33 114 1
38 106 5
92 56 108
95 71 0
3 87 106
119 63 107
42 90 0
110 25 140
4 62 136
61 50 0
56 116 18
4 24 12
73 39 0
63 11 61
38 16 44
109 110 1
24 93 106
114 126 117
127 66 1
121 68 97
76 50 51
86 28 0
103 139 91
55 1 137
112 58 0
72 36 141
97 93 68
18 67 0
38 27 16
61 131 83
129 39 1
0 106 16
46 36 85
114 66 0
12 52 50
24 9 79
112 83 1
123 11 85
61 103 7
94 32 1
118 90 16
72 126 40
102 10 0
35 59 67
141 139 135
11 50 1
133 122 20
69 109 139
2 22 1
113 40 137
66 123 90
10 77 1
102 25 70
5 136 17
139 137 1
33 3 70
69 31 41
43 3 0
71 122 61
18 114 47
5 2 0
18 135 1
29 25 114
106 9 1
28 132 28
136 37 98
72 28 1
32 111 67
62 42 74
101 131 0
80 7 137
57 3 86
119 69 1
123 131 34
133 111 72
118 138 1
103 137 74
117 129 104
126 130 1
121 127 76
90 9 65
36 64 1
139 138 2
5 126 39
39 5 1
49 33 114
40 18 109
47 107 1
43 1 129
134 47 29
103 113 1
72 39 67
104 130 105
121 31 0
3 35 75
38 54 113
56 52 0
94 20 27
6 105 78
120 15 1
97 39 102
75 30 63
26 128 1
109 76 68
82 23 19
93 110 1
24 113 99
13 68 60
25 67 0
119 19 121
57 133 111
87 139 1
34 45 61
87 44 24
31 87 1
48 5 67
83 122 123
127 115 1
67 33 44
73 51 95
117 101 1
53 27 102
28 33 38
40 32 0
79 120 129
11 95 131
75 7 0
24 27 140
87 12 32
110 33 0
24 84 108
25 36 4
49 132 1
34 16 13
101 36 57
22 121 1
52 13 124
133 82 125
76 72 1
24 108 28
101 118 112
134 126 0
126 113 85
135 126 37
83 57 1
75 140 130
60 44 52
82 51 1
29 115 2
134 66 23
77 53 1
76 8 15
33 55 43
23 129 1
105 9 11
61 73 25
60 112 0
135 92 117
30 73 115
46 140 0
73 4 99
134 23 33
42 117 0
22 92 48
8 124 126
113 33 1
111 95 17
104 119 87
17 60 0
51 30 112
129 1 49
104 88 0
111 69 81
77 111 6
3 42 0
38 67 2
102 138 36
115 57 1
70 23 45
89 9 0
66 59 0
3 104 92
99 27 134
9 29 1
15 37 132
134 39 9
71 14 0
51 62 10
86 64 9
6 59 0
30 25 51
45 97 55
70 124 0
36 3 101
106 42 57
50 41 0
8 75 34
23 42 114
19 102 0
14 39 41
90 61 140
39 79 0
73 0 68
76 92 4
98 80 0
10 5 117
57 88 103
83 118 0
28 35 125
109 103 96
139 72 0
48 34 122
77 119 38
80 112 0
32 125 82
84 114 107
39 137 0
96 80 5
136 141 16
128 79 0
110 87 90
42 99 78
22 99 0
55 8 41
128 66 105
46 105 0
113 39 16
55 127 102
101 67 0
59 9 66
114 96 71
133 109 0
114 88 40
107 39 101
4 95 0
88 124 106
49 82 48
116 25 0
102 81 65
35 55 48
125 98 0
13 27 81
20 124 76
125 62 0
114 16 33
115 13 83
43 55 0
23 54 18
38 49 49
25 22 0
126 100 79
61 116 117
106 84 0
62 133 140
98 24 17
45 102 0
126 33 52
120 58 124
69 75 0
64 11 78
102 52 141
26 1 0
107 104 112
88 141 94
123 85 0
105 1 104
27 102 46
80 102 0
83 36 27
37 131 84
87 111 0
102 66 138
106 36 99
76 42 0
44 52 69
14 34 62
0 41 0
42 82 103
2 129 129
117 131 0
84 75 10
92 124 92
89 8 0
73 8 17
131 34 11
70 29 0
18 94 74
114 76 87
61 88 0
25 114 27
76 17 76
77 7 0
88 137 41
45 128 130
55 16 0
116 129 38
26 9 130
46 139 0
63 51 33
15 104 58
43 77 0
45 3 15
62 91 134
78 7 0
49 17 37
68 78 125
37 80 0
94 9 51
133 108 64
43 110 0
72 16 78
108 60 118
41 68 0
28 46 89
40 20 90
95 133 0
123 63 117
90 43 26
51 36 0
115 69 70
34 116 126
88 70 0
86 42 95
76 44 51
6 67 0
121 117 41
41 18 27
110 39 0
60 47 43
53 124 134
51 67 0
30 123 54
72 47 18
95 85 0
127 136 131
134 52 128
36 126 0
79 11 99
136 41 73
116 24 0
76 11 41
82 63 21
119 56 0
11 54 66
55 48 118
61 123 0
39 123 97
22 84 4
98 128 0
77 95 97
129 84 63
121 11 0
141 92 112
7 84 53
26 132 0
140 114 132
38 109 101
111 33 0
16 116 66
22 104 38
27 87 0
100 18 128
24 35 81
20 86 0
70 40 87
41 76 67
86 80 0
97 120 113
11 135 114
37 11 0
8 114 112
69 93 33
63 74 0
2 123 53
17 2 6
112 87 0
74 129 102
22 4 126
38 13 0
85 107 64
94 66 39
2 137 0
18 55 104
111 53 128
30 92 0
130 47 127
38 31 133
96 43 0
47 89 70
135 84 105
18 88 0
93 87 125
111 123 21
68 115 0
59 56 57
28 29 122
63 4 0
114 112 45
25 55 12
74 40 0
113 1 27
44 90 133
108 106 0
0 137 97
46 88 67
31 51 0
1 92 14
128 96 108
92 67 0
46 41 82
94 28 140
44 113 0
51 21 137
116 102 34
101 94 0
76 64 77
19 87 106
130 27 0
139 131 94
82 101 122
0 94 0
90 139 8
26 105 80
80 14 0
108 79 90
52 75 86
9 137 0
97 81 141
121 44 63
44 88 0
11 80 66
38 59 36
136 78 0
82 45 137
9 0 13
124 89 0
78 88 67
126 62 115
40 114 0
53 38 82
96 94 79
85 25 0
59 79 109
40 34 22
107 51 0
86 3 140
16 15 86
96 130 0
63 90 35
120 76 95
96 52 0
50 105 51
22 36 28
97 18 0
17 95 88
53 103 63
81 70 0
31 34 19
71 60 40
10 24 0
10 121 21
134 56 38
76 28 0
102 54 33
71 31 60
7 96 0
62 57 138
129 9 107
95 2 0
18 102 49
54 22 69
84 13 0
106 89 86
45 66 48
17 90 0
137 138 10
96 91 107
96 108 0
121 78 7
85 126 90
23 78 0
96 31 17
19 83 41
37 52 0
76 39 24
24 3 17
41 71 0
71 33 81
56 23 0
28 11 0
37 40 38
76 79 83
47 26 0
29 107 108
132 55 45
137 105 0
60 113 29
25 9 3
15 31 0
33 32 96
86 116 139
8 52 0
95 61 69
87 125 7
89 10 0
102 132 97
17 5 14
87 62 0
49 12 62
48 25 10
126 16 0
36 29 21
133 74 124
78 115 0
60 64 82
40 128 6
17 104 0
27 2 137
132 104 109
129 115 0
111 137 86
88 33 100
76 1 0
121 67 128
75 120 17
71 119 0
16 117 135
141 56 140
80 70 0
102 28 22
70 135 1
2 38 0
33 42 89
131 107 11
75 80 0
124 120 72
95 136 77
123 70 5425
136 62 3
72 98 96
30 49 0
78 132 80
65 114 43
29 66 821697624
50 27 76
33 97 37
38 136 32741
114 26 103
40 59 93
24 12 821697624
83 68 83
37 35 90
78 138 32741
31 88 82
128 85 16
68 89 0
78 11 101
45 67 18
99 40 0
25 61 136
78 81 113
25 84 0
42 69 127
34 77 128
69 102 0
133 110 94
126 131 54
32 52 1
141 132 14
80 21 76
56 138 67
55 115 58
57 7 124
108 135 103
36 57 86
51 104 46
37 130 0
65 111 1
83 111 126
111 140 103
35 22 25
26 13 132
10 59 88
36 131 28
36 118 45
31 100 1
35 119 129
62 135 79
120 137 67
87 22 114
55 118 37
33 43 53
80 51 129
60 127 110
78 98 0
35 75 49
49 37 48
34 55 53
112 16 80
29 76 81
89 119 70
64 8 131
15 61 4
22 89 1
46 16 13
16 54 108
19 139 88
134 97 16
67 62 35
99 19 140
69 63 75
98 33 9
76 6 0
123 134 23
106 76 16
71 27 53
34 82 64
126 95 119
64 122 58
70 67 43
33 34 12
141 62 1
136 56 118
28 139 25
41 98 67
88 7 41
123 49 22
15 118 1
62 129 44
122 101 79
89 136 1
20 104 108
38 41 131
91 89 53
74 76 82
1 96 31
140 106 94
86 131 49
62 7 55
34 101 1
30 122 79
33 119 9
48 114 88
46 30 120
6 2 99
110 118 75
103 112 61
80 117 140
18 42 1
46 134 22
8 106 19
125 61 58
32 66 16
11 4 47
122 10 10
61 82 31
141 54 21
82 46 0
74 70 58
78 67 43
31 141 70
79 5 108
104 32 41
53 51 45
10 119 110
134 34 54
71 24 1
104 25 2
3 113 89
78 79 10
96 132 14
90 4 60
39 70 91
87 52 14
39 42 82
108 42 1
115 32 71
81 54 132
40 77 140
130 67 105
110 21 16
9 27 28
89 41 52
101 73 106
42 44 1
7 81 101
34 73 97
140 47 1
132 139 55
110 61 138
23 120 141
136 124 130
60 73 71
93 107 1
82 114 125
2 14 60
12 33 94
16 13 28
121 133 73
136 119 102
26 99 71
53 60 90
134 140 1
51 4 8
114 78 119
21 77 88
13 20 104
26 56 122
71 62 73
45 126 114
95 73 38
15 91 1
32 2 1
123 83 109
61 79 53
32 126 40
135 30 0
101 48 99
60 83 46
134 61 111
17 97 0
122 28 8
137 110 61
22 117 102
107 45 114
60 25 115
33 107 122
75 79 64
109 21 33
4 37 1
99 85 34
47 30 76
33 62 99
100 127 108
130 30 27
64 3 18
100 45 89
18 141 65
135 93 0
66 20 82
62 86 72
115 10 70
54 130 117
87 104 60
12 5 69
116 112 105
140 40 103
96 122 0
132 46 112
66 99 20
35 38 75
41 88 22
140 115 7
60 78 11
54 46 76
6 89 13
78 32 1
135 77 126
86 9 82
61 32 94
117 20 74
65 64 109
136 20 116
87 117 49
112 51 100
30 48 0
3 25 109
50 39 127
75 76 70
44 125 93
82 74 123
75 106 118
75 18 26
81 84 102
2 81 1
30 65 1
56 0 35
105 60 34
127 0 99
84 71 61
19 32 3
69 71 63
23 77 27
39 96 1
104 41 2
9 15 91
48 26 53
128 46 73
25 80 124
8 85 5
115 91 21
45 125 97
69 132 1
91 1 76
116 79 137
126 11 34
136 24 7
88 115 30
52 99 20
87 100 80
100 109 73
87 10 0
19 8 116
85 57 115
15 107 1
41 113 112
50 38 26
107 137 50
42 60 0
83 106 3
4 100 0
14 21 16
5 41 64
115 65 3
93 134 89
71 8 24
74 80 121
17 44 54
78 106 126
56 72 1
139 136 1
11 7 3
86 19 3
124 67 141
17 31 91
99 23 13
94 29 90
87 43 20
60 84 1
0 6 47
137 66 75
117 58 103
62 97 59
7 107 118
43 94 132
98 22 104
35 136 30
105 8 0
27 123 74
95 22 1
70 66 73
36 10 122
43 40 95
99 79 93
70 79 126
12 60 92
92 47 0
33 46 22
128 135 57
80 138 141
120 4 104
123 94 61
15 4 101
26 46 54
34 49 108
38 127 1
61 84 1
74 61 135
110 57 103
10 34 90
43 46 98
50 4 64
25 37 88
62 139 90
6 8 1
66 57 83
22 97 22
0 128 67
2 7 73
67 42 90
94 21 46
36 124 18
91 134 76
26 43 0
25 79 68
77 4 58
107 136 64
84 134 110
5 101 17
107 92 77
44 124 133
25 0 6
45 48 1
75 41 88
129 34 17
108 19 101
98 110 40
122 33 67
92 35 76
135 130 76
97 95 128
118 51 1
38 86 102
112 98 34
125 133 116
70 110 81
116 75 8
74 6 127
89 64 80
122 112 68
31 79 1
21 73 139
74 51 93
122 46 64
130 121 53
44 120 2
87 57 61
40 95 31
99 127 65
138 9 0
108 35 88
13 83 97
42 15 141
82 85 107
70 8 46
64 21 35
45 93 70
41 53 15
131 98 0
6 124 62
9 122 36
64 25 102
48 107 125
7 92 136
8 5 96
82 54 78
135 51 28
77 124 0
65 120 134
126 122 121
113 46 53
2 37 83
90 66 1
33 72 80
40 57 101
13 124 43
129 136 1
97 52 88
9 140 110
48 38 64
3 28 113
7 129 87
128 117 27
47 125 24
102 103 30
139 86 1
100 138 138
81 66 58
86 101 99
11 18 31
33 129 131
62 81 92
105 13 28
10 81 21
131 78 0
67 100 36
61 43 68
134 30 127
68 95 66
74 35 130
7 47 48
131 26 116
42 37 66
80 15 0
67 47 77
103 97 83
65 2 70
97 79 38
43 76 1
78 2 2
112 128 85
62 89 77
108 18 0
47 79 71
137 53 140
132 63 88
75 65 43
74 139 63
49 72 9
27 60 89
39 65 107
11 124 1
90 75 45
88 2 91
104 14 3
103 84 46
107 84 123
82 15 16
100 115 0
39 41 8
6 26 0
39 125 131
48 80 77
75 46 67
30 140 103
32 75 106
137 74 8
134 4 85
120 18 39
48 116 1
24 120 0
85 58 76
63 75 64
109 93 131
61 81 32
136 51 138
29 30 38
90 28 128
3 26 1
68 53 55
20 24 137
18 128 45
56 130 59
134 116 44
121 96 26
21 82 39
26 83 12
23 11 1
79 24 6
48 39 14
19 90 61
1 58 119
75 137 39
35 129 30
109 99 117
12 8 137
52 89 0
16 25 10
33 59 37
46 80 116
121 5 135
43 132 141
81 67 31
12 30 44
140 77 141
40 127 0
32 130 39
141 27 36
45 1 101
3 39 125
84 113 43
141 105 14
67 138 98
135 31 100
131 105 1
70 55 67
99 74 120
41 52 140
134 113 85
131 89 14
37 133 128
63 126 63
5 19 105
131 66 0
75 33 24
10 75 117
85 4 21
34 57 122
117 98 86
136 29 89
18 29 41
29 97 107
64 50 0
23 119 136
62 102 105
134 106 64
21 45 42
110 92 27
63 98 130
70 115 121
92 0 86
57 100 0
138 63 91
43 117 12
22 126 50
101 7 19
117 61 106
102 83 15
79 102 136
112 104 123
125 88 0
60 135 5
109 58 105
6 120 69
119 97 138
67 41 61
63 78 110
79 1 92
141 28 50
125 49 0
91 7 24
106 24 33
36 58 28
90 36 2
141 53 12
53 0 82
97 118 105
115 6 117
101 72 0
8 90 90
45 124 104
2 48 76
12 71 16
79 60 32
48 76 62
47 65 100
115 63 95
37 28 0
64 118 7
8 23 100
136 66 58
4 55 77
115 59 132
109 90 66
68 44 6
48 44 126
20 99 0
137 84 24
46 31 58
18 8 21
60 3 24
6 4 130
55 63 56
50 120 105
70 13 10
87 48 0
62 117 75
49 84 51
28 129 67
62 131 31
15 133 102
124 76 55
73 79 74
5 141 18
112 136 1
66 80 52
23 6 120
134 60 21
97 104 42
126 76 78
3 18 42
20 58 127
71 57 70
85 97 0
92 19 45
22 132 76
7 56 103
44 46 110
64 75 52
13 37 71
100 141 33
32 127 123
24 114 0
130 118 65
101 20 102
16 108 30
47 108 19
89 103 51
55 30 133
138 97 65
95 139 27
92 81 1
31 62 28
72 96 79
58 32 93
87 77 6
57 105 121
118 11 124
58 16 88
94 127 36
65 92 0
52 54 103
106 46 11
111 41 45
118 137 103
45 121 18
20 108 120
51 11 129
123 16 32
2 122 1
12 70 72
10 71 23
9 87 55
12 63 30
63 37 13
69 14 119
83 139 2
11 33 98
82 22 0
28 7 77
129 50 99
15 94 82
69 124 39
34 125 25
66 105 106
98 5 96
29 108 115
28 48 1
122 89 74
77 48 116
93 78 15
36 63 90
7 124 47
134 70 100
12 32 94
129 55 19
130 105 1
92 83 90
83 85 53
100 56 120
54 59 31
136 132 106
27 19 81
94 98 14
26 0 127
12 79 0
122 52 28
29 119 127
25 12 42
130 141 1
120 38 102
132 84 97
47 57 41
136 39 99
8 27 1
73 72 15
97 126 21
9 19 118
104 125 91
19 74 127
65 139 54
44 108 16
59 5 6
101 98 1
123 62 81
5 13 24
59 113 26
141 129 102
130 23 32
140 13 129
125 27 23
31 52 73
32 85 0
108 64 75
9 37 111
5 110 73
30 128 122
99 81 76
80 100 59
84 140 104
51 47 19
73 139 0
131 38 129
71 51 130
72 100 140
105 96 76
63 128 60
136 18 22
101 60 33
113 17 114
58 70 1
53 29 38
83 132 106
11 73 5
22 125 92
50 65 56
8 17 108
54 34 95
1 138 71
0 125 0
52 2 3
57 67 87
125 69 106
75 66 119
85 10 63
140 105 107
81 129 42
141 76 90
121 21 0
101 16 110
45 43 25
15 39 140
118 73 4
119 14 62
64 37 136
20 92 61
16 70 50
71 58 0
20 71 56
111 30 116
131 82 18
46 89 4
1 64 24
63 117 12
1 21 73
58 38 39
29 31 0
45 105 63
11 1 11
60 124 61
68 11 38
29 19 16
121 0 44
78 135 109
136 3 110
99 125 1
18 60 24
21 76 93
37 77 106
21 62 114
94 92 126
118 26 117
97 90 127
97 11 66
2 10 1
49 67 121
33 65 68
88 25 97
134 17 76
57 118 50
25 111 51
61 10 86
56 17 28
110 56 0
17 121 103
82 124 139
76 30 91
105 125 55
28 60 1
56 111 137
46 52 112
32 135 58
59 67 0
100 118 72
96 32 36
33 68 141
85 124 97
50 42 93
3 88 68
25 97 18
8 38 67
95 109 0
69 17 38
92 114 27
48 130 16
75 105 61
127 30 131
124 96 83
80 49 129
52 48 39
89 81 1
124 47 0
91 0 106
97 10 16
11 38 46
20 59 36
50 131 85
129 68 114
128 137 66
125 113 0
60 86 12
7 117 52
121 107 50
81 11 24
49 7 9
32 137 79
41 72 112
73 91 83
12 57 1
13 91 123
108 116 11
2 128 85
123 127 61
92 27 103
116 137 7
49 141 94
22 86 32
133 2 1
70 87 118
92 21 90
8 123 16
33 120 72
45 13 126
25 47 40
130 89 102
64 5 10
100 58 0
95 64 35
66 97 59
2 8 67
75 12 141
7 122 139
118 29 135
134 119 11
124 91 50
120 57 1
106 92 133
49 98 122
27 83 20
98 76 69
139 128 109
34 30 139
90 37 2
115 37 22
104 28 1
15 63 113
25 59 40
65 88 137
117 78 66
19 84 123
57 2 90
118 84 10
45 17 77
95 55 1
19 127 102
124 48 25
21 27 70
110 75 5
29 102 136
76 115 17
115 2 139
74 2 137
69 26 1
53 87 33
24 94 3
10 117 70
45 52 69
40 17 31
128 53 41
13 119 43
63 62 3
82 10 0
20 37 71
73 111 122
131 74 61
6 9 18
29 24 114
64 135 47
139 78 5
24 8 2
131 119 0
100 34 18
2 94 135
6 118 1
63 87 29
39 69 25
107 66 114
42 110 106
84 98 9
28 0 1
4 121 28
35 83 132
15 119 28
58 94 136
73 71 37
127 81 98
56 125 72
34 26 28
42 89 1
126 12 32
127 16 111
94 91 67
3 97 62
26 11 42
105 115 74
44 49 101
49 43 131
86 45 0
112 41 80
81 22 7
6 69 137
114 127 57
141 84 3
19 25 86
131 75 119
99 1 69
90 100 1
58 131 123
65 1 131
64 9 34
76 100 133
116 17 111
56 81 72
137 108 118
137 106 138
74 132 1
71 30 103
47 85 137
75 133 74
56 126 117
7 26 129
105 30 104
90 82 126
63 91 130
135 82 1
26 25 121
136 50 127
98 137 76
112 93 90
69 81 9
60 22 65
55 58 36
56 42 64
109 96 1
56 9 139
14 83 138
101 124 2
132 131 5
9 104 126
55 3 39
17 13 39
6 40 5
76 20 1
63 57 49
44 9 33
138 25 114
55 6 40
49 140 18
62 105 109
8 10 47
67 126 107
19 50 1
103 6 43
61 102 1
96 38 129
96 40 134
83 88 47
115 87 29
13 141 103
69 96 113
2 96 1
104 47 72
17 65 39
87 39 67
32 62 104
44 138 130
78 4 105
108 122 121
10 104 31
7 139 0
54 122 3
128 64 35
111 110 75
117 91 38
108 10 54
91 136 113
85 92 56
110 131 52
104 101 0
130 36 94
15 69 20
21 120 27
4 38 6
7 3 105
44 39 78
141 94 120
67 108 15
41 36 1
81 21 97
75 3 39
111 3 102
48 58 75
132 53 30
1 19 63
27 116 26
16 80 128
50 22 1
138 5 109
25 91 76
11 72 68
87 5 82
42 54 23
136 137 19
46 102 93
90 64 110
61 77 1
22 65 24
127 59 113
78 15 99
140 0 13
116 99 68
65 29 60
12 14 25
137 43 67
89 32 0
60 68 119
6 37 19
0 80 121
13 97 57
123 47 133
124 29 111
83 127 87
44 13 139
51 35 1
23 28 34
54 80 45
76 68 61
134 53 87
93 81 44
94 57 24
57 45 31
83 94 87
67 118 1
45 94 48
111 18 5
72 55 67
8 4 83
9 120 122
81 33 123
26 87 127
95 31 115
93 43 1
117 136 67
105 54 33
49 29 44
68 31 73
36 91 51
104 62 95
6 75 117
27 82 101
9 134 1
22 114 53
84 74 27
75 16 102
89 74 28
5 137 33
96 98 38
8 78 40
106 33 32
33 117 0
76 9 79
47 78 120
0 108 129
74 60 11
47 3 95
121 83 131
104 43 75
105 0 7
10 120 0
134 127 24
77 59 27
112 17 140
82 115 87
7 27 12
56 99 32
64 79 110
51 127 33
114 104 0
88 26 24
128 93 84
110 102 108
68 118 25
117 41 36
119 113 4
119 70 49
115 102 132
32 9 1
1 124 34
2 114 16
137 8 13
89 113 101
126 73 36
28 19 57
84 65 22
133 128 121
92 70 1
45 135 52
106 94 13
118 19 124
118 1 133
19 17 82
79 96 125
57 139 76
133 44 72
58 12 1
2 28 24
65 98 108
105 100 28
49 22 101
22 9 118
122 107 112
110 6 134
93 10 126
11 39 0
78 3 126
5 63 113
20 36 85
66 108 135
26 134 126
49 107 37
141 128 83
137 127 57
18 63 1
43 37 75
8 131 140
34 59 130
12 54 60
16 50 44
51 140 52
115 17 82
86 1 51
49 5 1
77 120 29
83 98 115
39 9 2
132 140 134
126 31 66
5 88 23
8 57 77
81 139 53
57 124 1
73 129 76
54 131 8
92 31 15
14 63 33
80 78 55
114 119 43
27 122 23
84 0 129
14 134 1
34 123 105
106 129 9
38 34 11
50 89 61
81 32 73
102 117 25
138 117 60
19 96 112
131 24 0
134 27 135
105 82 92
91 106 117
84 122 30
26 27 73
37 59 115
1 131 46
137 67 140
139 38 0
140 72 73
96 20 4
31 115 99
108 36 134
91 100 23
39 35 33
85 138 42
115 124 117
61 136 0
10 7 22
47 58 92
3 103 48
65 85 8
23 47 124
51 131 126
16 104 113
4 67 33
95 42 1
19 30 111
36 94 95
133 107 17
64 42 104
70 49 119
64 123 87
85 46 17
22 63 60
15 8 0
94 108 51
31 111 30
21 63 112
80 141 129
99 106 1
34 58 49
23 29 104
94 130 88
5 58 0
44 128 111
120 104 69
136 99 81
106 110 77
114 71 111
106 15 6
9 23 3
61 76 42
62 95 0
84 89 38
55 52 67
119 91 2
37 101 102
118 105 138
2 116 36
87 65 115
8 98 57
69 76 1
115 42 70
87 54 23
45 87 45
25 6 89
122 109 9
37 17 0
88 134 66
137 60 59
70 48 0
65 72 3
40 27 104
32 28 92
12 88 99
71 49 27
16 18 134
42 134 9
64 88 29
11 127 1
126 27 15
69 44 37
87 13 132
111 118 134
2 54 39
9 46 9
103 50 71
41 73 14
81 46 0
71 54 51
32 22 62
74 44 10
105 14 86
8 127 64
35 79 9
28 116 6
140 55 59
77 50 0
108 40 30
115 33 25
20 3 51
74 102 45
107 132 97
111 72 55
122 81 70
50 58 124
16 44 0
119 53 36
68 137 3
127 33 101
24 60 106
71 28 42
98 48 57
114 106 50
115 48 41
115 108 0
91 101 8
81 137 75
130 91 34
85 24 23
93 0 42
29 99 114
53 96 19
75 141 102
46 40 0
112 13 14
72 93 39
21 61 41
111 128 90
21 60 61
138 69 140
21 53 39
3 6 79
98 71 0
77 14 73
23 86 0
30 117 68
57 135 76
128 10 92
57 117 4
15 137 98
35 104 80
129 100 0
82 37 10
43 99 5
77 112 117
124 114 57
47 64 88
45 110 103
69 127 83
7 51 118
92 42 0
49 121 28
105 2 35
11 41 125
35 121 109
73 69 103
34 47 96
86 103 139
138 135 72
1 75 0
108 130 48
80 3 34
30 82 122
18 33 77
3 85 119
40 45 38
58 3 80
82 138 112
42 30 0
96 13 32
10 101 125
84 2 82
121 95 84
74 5 114
9 114 107
132 44 39
116 6 137
80 91 0
15 101 96
137 6 80
29 8 5
82 104 136
94 99 141
76 2 16
100 68 128
53 101 79
49 68 0
24 14 110
5 107 87
31 99 90
135 58 42
13 111 99
94 56 78
90 122 22
84 76 99
95 21 0
137 21 55
73 14 8
133 78 41
141 43 128
112 141 66
26 22 105
75 71 46
4 107 105
99 21 0
31 32 113
131 19 39
141 60 16
73 52 55
45 141 127
9 18 102
84 88 101
4 118 67
4 58 0
67 112 59
118 43 9
106 87 66
86 18 114
28 50 96
1 69 71
48 32 133
86 83 109
48 18 0
106 122 114
44 114 88
120 31 40
120 72 107
120 128 39
86 49 101
140 2 4
107 62 95
40 22 0
132 122 88
39 31 124
55 61 106
55 28 49
29 37 82
88 72 48
17 75 116
115 19 25
123 1 0
140 126 102
89 49 81
2 134 65
81 104 35
107 95 55
77 78 48
98 139 125
26 110 98
53 86 0
44 103 13
19 126 27
132 50 81
53 81 20
12 50 124
119 128 76
114 116 125
61 39 62
16 122 0
32 57 114
132 115 16
2 85 33
61 23 115
47 4 13
34 23 83
18 64 43
109 89 55
114 81 0
94 30 23
81 57 54
3 118 18
29 141 38
27 97 49
48 19 49
110 35 25
15 14 22
94 38 0
10 17 126
59 8 100
26 94 79
84 47 61
109 62 116
10 13 117
108 119 106
89 55 84
119 1 0
135 37 62
38 77 133
118 134 140
128 69 98
66 62 24
24 37 17
135 19 45
1 46 102
22 77 0
118 91 126
114 58 33
119 127 52
18 14 120
115 120 58
119 66 124
112 135 69
8 107 75
109 36 0
113 135 64
121 64 11
16 95 78
130 79 102
20 109 52
68 67 141
69 13 26
114 35 1
137 71 0
116 10 107
0 130 104
77 104 112
50 23 88
129 6 141
0 96 94
111 79 123
126 65 85
116 140 0
43 30 105
54 117 1
87 28 104
76 36 27
84 130 102
27 44 46
58 77 80
76 89 102
77 24 0
67 84 83
5 104 36
30 50 27
124 63 37
63 25 131
100 16 84
90 140 87
108 84 111
125 118 0
136 57 102
14 19 66
9 70 138
128 115 106
101 116 36
61 17 99
41 86 76
122 79 42
38 20 0
61 105 44
118 102 52
137 80 69
52 64 14
39 95 34
113 20 62
53 23 0
124 38 41
108 12 0
8 126 42
47 91 82
139 48 103
70 37 2
104 1 129
79 57 129
129 18 117
125 17 131
137 141 0
97 23 84
60 19 75
116 135 10
6 5 92
121 24 124
118 2 92
38 18 89
105 116 8
17 47 0
140 74 73
34 11 8
129 70 17
45 44 131
0 35 34
59 81 11
41 4 70
87 47 29
45 11 0
127 34 18
89 16 94
25 71 74
15 102 114
42 48 76
66 91 87
92 64 61
100 17 88
18 118 0
110 67 25
87 21 114
51 46 27
111 1 76
56 69 17
22 43 76
36 0 77
36 93 7
96 8 0
127 35 88
105 15 137
80 116 41
40 71 45
47 68 128
72 105 130
64 71 55
17 20 16
72 59 0
24 104 116
70 28 129
46 59 38
10 14 26
139 126 9
105 88 130
104 33 46
89 19 139
34 99 0
51 26 63
28 97 51
140 91 33
75 25 15
101 68 104
17 102 58
87 124 43
43 17 77
51 116 0
122 134 45
55 93 3
30 139 15
118 53 62
67 125 91
73 120 134
118 89 78
35 10 7
124 137 0
1 2 49
65 45 17
8 22 37
47 141 68
9 38 78
99 36 125
4 70 37
50 45 80
97 58 0
2 34 94
46 92 9
136 94 51
5 129 133
129 96 108
29 125 64
11 46 43
27 61 110
112 24 0
91 50 72
100 119 16
69 52 78
53 26 108
49 105 60
83 29 118
63 9 41
97 41 68
11 83 0
90 34 28
13 63 46
132 33 89
12 59 40
13 101 20
121 53 90
141 33 95
45 47 133
83 69 0
55 24 123
72 69 63
15 29 117
128 94 90
70 90 43
137 69 26
75 42 51
125 86 36
36 47 0
14 38 115
85 121 69
36 61 70
64 141 34
106 58 116
60 140 126
54 63 88
92 13 70
104 136 0
39 117 86
112 47 42
19 7 95
13 67 76
108 52 44
16 124 51
76 26 6
128 78 67
69 95 0
57 4 121
125 1 117
99 5 41
8 72 41
5 86 18
132 51 27
68 90 110
58 56 39
92 100 0
105 53 60
84 20 47
27 51 43
44 102 53
13 49 124
11 9 134
13 18 51
84 40 67
76 86 0
41 121 30
107 100 123
25 95 54
42 102 72
68 28 47
103 62 18
106 102 95
61 56 85
125 11 0
17 85 127
141 39 136
96 93 131
66 113 134
111 10 52
0 79 128
123 107 36
74 121 126
21 86 0
60 72 79
20 14 11
27 18 99
79 54 136
121 109 41
121 59 73
51 33 116
43 82 24
89 71 0
135 96 76
31 26 11
67 85 41
127 93 82
132 42 63
130 99 21
129 61 119
104 60 56
69 16 0
111 81 11
35 86 54
129 137 66
128 65 55
76 58 48
27 31 118
67 48 61
43 39 123
10 44 0
4 75 39
93 76 123
112 82 97
36 75 22
88 0 84
89 82 4
103 104 98
24 92 128
26 71 0
74 57 77
137 78 95
95 129 97
7 9 129
133 93 84
49 83 63
87 114 121
134 90 11
44 109 0
85 129 141
50 117 92
9 17 112
18 85 7
60 43 84
65 51 53
10 106 26
66 30 132
35 88 0
127 17 140
116 141 114
64 139 132
21 98 38
93 49 109
39 13 101
98 119 111
92 45 33
125 55 0
46 5 16
112 74 116
93 54 66
26 120 22
89 121 104
59 0 38
45 136 27
65 132 87
43 121 0
113 52 100
37 129 18
134 32 128
105 112 24
103 134 35
19 105 81
47 48 20
18 105 86
27 39 0
108 134 70
9 8 40
35 61 87
48 140 41
78 12 76
17 107 67
85 28 86
27 88 80
14 8 0
36 139 97
87 138 120
7 121 113
63 20 11
136 122 135
102 124 114
92 119 37
56 10 11
130 29 0
118 132 8
15 112 114
117 23 112
106 66 69
114 101 93
128 91 33
47 53 63
50 141 74
136 90 0
66 10 2
111 36 123
64 97 53
10 46 17
87 38 2
95 81 6
131 76 112
3 31 87
57 114 0
58 59 74
39 58 129
51 139 102
24 2 22
76 82 4
113 96 126
63 130 38
89 135 13
117 88 0
76 85 85
77 46 107
40 24 64
39 130 94
99 75 66
133 138 39
49 109 2
22 106 137
89 128 0
66 31 18
102 107 55
128 57 104
101 54 111
65 34 53
119 67 128
126 7 30
68 54 92
129 54 0
19 124 130
31 67 47
18 137 127
126 90 38
65 5 31
19 123 133
0 15 96
30 85 43
75 125 0
40 130 47
41 48 89
88 136 70
109 83 135
106 17 84
71 6 105
72 64 18
49 94 88
81 130 0
66 51 93
121 137 87
66 93 125
72 5 111
115 44 123
8 87 21
30 81 68
85 68 115
122 111 0
29 89 59
125 25 56
97 31 57
106 71 28
54 60 29
17 89 122
126 26 63
139 82 4
108 124 0
36 79 114
84 50 112
0 119 45
52 29 25
79 110 55
27 29 12
109 139 74
51 68 40
121 139 0
17 103 113
6 134 1
27 101 27
10 18 44
36 136 90
79 15 133
90 119 108
11 85 106
127 132 0
77 47 0
5 77 137
12 119 97
83 115 46
96 75 88
11 3 67
17 94 31
68 38 51
141 21 0
35 9 1
19 122 92
115 39 14
24 43 128
13 102 96
76 51 108
83 58 92
15 60 67
59 60 0
109 16 46
90 125 41
15 87 82
56 76 94
94 72 28
51 45 140
139 3 44
98 52 113
43 112 0
81 68 51
126 61 21
52 17 137
95 125 116
25 128 102
43 122 34
53 135 101
88 82 94
74 127 0
117 64 76
23 39 64
103 78 77
17 32 19
86 134 87
54 53 106
129 75 130
90 101 27
67 73 0
119 125 139
132 89 131
92 61 94
116 5 82
8 82 101
123 7 122
123 84 0
114 131 94
102 2 0
94 135 90
79 43 139
72 108 8
44 107 26
38 111 105
12 35 80
89 36 80
96 112 14
88 11 0
51 14 108
61 121 79
40 31 90
29 92 52
5 23 75
18 131 86
79 136 9
141 38 137
116 90 0
74 88 97
120 7 81
62 15 141
40 73 121
121 65 44
29 112 63
46 18 44
93 41 88
6 30 0
22 141 11
141 115 80
135 74 66
93 22 38
93 16 59
31 19 36
83 6 136
16 52 78
128 50 0
64 111 82
106 124 45
101 93 137
111 20 9
85 13 0
49 2 13
36 127 124
127 23 89
127 29 0
44 55 78
117 82 88
132 14 67
72 104 126
133 11 62
95 116 115
89 58 40
96 110 114
31 35 0
115 125 53
51 105 38
0 126 82
121 91 96
109 24 94
48 120 79
14 65 85
24 65 25
87 14 0
41 1 59
79 112 79
101 65 109
125 101 40
99 55 34
92 138 22
140 65 107
91 108 51
26 10 0
60 96 86
18 90 3
90 60 140
29 60 16
71 21 15
69 64 86
7 138 96
23 71 130
139 113 0
72 91 63
128 31 90
62 112 35
115 74 120
33 136 76
16 91 95
101 80 96
10 132 52
82 2 0
13 40 50
19 49 105
66 21 51
108 3 22
16 63 36
111 21 28
110 126 97
9 81 18
96 28 0
95 101 17
137 19 95
92 37 88
73 107 53
92 98 103
113 123 63
16 71 81
83 0 70
135 125 0
132 67 31
123 53 34
89 129 19
72 92 71
88 92 60
35 2 40
137 104 10
29 139 24
108 48 0
132 126 10
65 49 121
15 114 21
44 56 134
110 40 56
56 29 38
97 98 76
102 23 28
66 18 0
99 87 102
77 134 54
33 133 33
110 115 71
68 113 31
127 20 60
81 55 7
24 48 96
68 63 0
121 66 62
90 96 57
23 58 138
61 5 129
104 73 9
85 120 107
134 98 95
110 117 2
44 86 0
41 3 18
83 71 102
62 27 49
99 91 54
133 24 22
61 49 69
112 54 84
42 58 13
130 6 0
139 133 106
7 43 89
124 119 86
44 91 45
90 1 66
32 41 48
69 105 17
101 102 90
26 133 0
46 117 137
40 123 138
121 20 10
137 79 96
58 2 91
69 91 107
135 39 96
62 50 108
26 59 0
93 105 121
56 15 78
91 6 7
122 137 85
137 37 126
124 4 90
27 81 23
56 35 78
23 13 0
29 63 96
4 64 31
116 46 17
60 102 19
121 54 83
66 117 41
128 122 37
136 11 52
77 79 0
93 114 76
22 131 39
81 85 24
54 44 24
82 68 3
82 38 17
126 57 41
50 72 71
96 141 0
3 100 71
50 60 33
134 72 81
30 10 56
125 65 23
40 55 0
4 103 28
105 104 11
69 36 0
40 120 37
28 121 40
94 87 38
115 97 76
47 2 79
81 140 83
86 102 47
117 19 26
104 39 0
62 6 29
6 13 107
89 23 108
62 37 132
64 54 55
85 27 45
118 88 137
10 57 105
125 82 0
84 72 60
87 25 113
79 104 29
115 0 25
55 62 9
60 0 3
138 81 15
141 19 31
68 110 0
35 11 33
99 46 32
76 135 96
8 58 86
23 133 116
121 50 139
15 71 8
5 44 52
77 116 0
110 12 95
64 30 61
12 82 69
101 130 87
34 124 125
1 95 7
140 59 89
21 116 10
89 108 0
58 80 102
71 81 132
112 106 97
11 105 17
113 30 5
75 49 14
90 39 87
79 89 62
103 19 0
124 103 49
48 113 12
88 69 62
22 45 48
101 1 25
51 2 10
116 0 126
28 130 16
46 13 0
109 45 36
40 38 29
0 18 21
117 122 133
132 1 74
79 8 124
67 90 78
28 134 115
41 54 0
109 85 60
95 33 64
123 119 82
70 111 40
112 63 128
134 96 6
1 54 17
85 90 104
138 75 0
67 71 27
68 64 2
43 54 137
116 57 132
98 79 104
24 138 109
21 4 129
125 8 115
114 133 0
77 125 111
87 107 137
90 46 86
37 127 88
72 52 33
121 141 100
85 48 76
57 50 1
116 8 0
1 4 121
94 42 67
98 106 128
19 75 75
86 135 120
42 103 17
57 30 71
23 107 119
126 53 0
27 36 16
125 72 117
36 19 135
53 15 141
27 70 56
139 117 140
132 61 80
12 102 70
79 124 0
133 85 102
61 75 28
26 62 22
5 21 70
14 53 135
82 132 1
52 101 2
73 137 38
76 63 0
120 98 33
33 6 42
21 19 89
79 29 131
128 83 107
65 94 11
9 68 75
56 33 80
56 86 0
111 86 124
51 111 120
9 78 72
60 133 95
68 56 136
11 106 77
83 96 123
65 104 70
80 24 5425
140 36 136
103 16 62
50 87 3
60 131 72
64 127 98
9 97 96
89 110 30
22 108 49
50 2 0
57 72 78
26 40 132
117 53 80
5 95 65
29 39 114
138 65 43
130 128 29
63 23 66
51 48 821697624
16 65 50
78 123 27
108 7 76
38 61 33
42 74 97
13 42 37
139 39 38
20 9 136
5 131 32741
48 0 114
3 56 26
48 117 103
35 135 40
46 94 59
95 56 93
8 121 24
128 41 12
137 10 821697624
96 118 83
78 52 68
25 82 83
62 101 37
92 62 35
100 122 90
29 88 78
114 129 138
95 140 32741
81 96 31
14 27 88
111 61 82
71 76 128
133 66 85
19 67 16
8 43 68
139 105 89
82 81 0
7 58 78
137 97 11
98 46 101
33 50 45
119 9 67
46 45 18
72 62 99
30 22 40
14 106 0
23 10 25
109 111 61
31 75 136
108 105 78
48 13 81
114 97 113
86 89 25
34 92 84
115 61 0
109 10 42
98 105 69
80 63 127
53 32 34
124 107 77
96 44 128
42 73 69
137 14 102
77 114 0
65 26 133
10 54 110
49 90 94
16 43 126
11 47 131
22 42 54
19 33 32
39 111 52
84 112 1
88 49 141
29 59 132
20 138 14
118 33 80
124 51 21
86 113 76
132 81 56
101 110 138
46 114 67
35 13 55
125 123 115
131 69 58
55 106 57
35 96 7
76 129 124
44 92 108
49 42 135
119 72 103
29 122 36
26 80 57
42 35 86
101 24 51
128 54 104
104 66 46
116 4 37
58 104 130
13 11 0
23 126 65
114 141 111
8 92 1
68 139 83
3 23 111
96 136 126
61 97 111
72 15 140
48 82 103
110 112 35
86 84 22
59 141 25
68 136 26
23 85 13
49 128 132
62 75 10
98 57 59
103 24 88
61 101 36
91 120 131
1 108 28
136 87 36
112 140 118
46 121 45
36 128 31
113 92 100
9 121 1
69 66 35
136 16 119
98 73 129
133 50 62
104 140 135
133 89 79
7 136 120
4 136 137
18 109 67
82 110 87
103 49 22
64 0 114
9 43 55
96 73 118
133 52 37
94 133 33
121 140 43
112 126 53
74 111 80
118 10 51
113 45 129
106 62 60
141 42 127
26 32 110
102 100 78
136 130 98
58 129 0
33 128 35
35 128 75
81 112 49
131 93 49
7 110 37
44 137 48
88 54 34
36 18 55
71 102 53
23 64 112
49 20 16
121 88 80
49 62 29
95 41 76
24 63 81
15 30 89
135 68 119
85 36 70
40 115 64
118 140 8
103 38 131
86 0 15
66 13 61
119 111 4
68 122 22
127 2 89
42 88 1
44 21 46
121 57 16
1 18 13
104 141 16
15 34 54
97 91 108
91 4 19
13 1 139
116 19 88
104 124 134
127 130 97
53 129 16
62 115 67
137 125 62
83 41 35
84 53 99
77 29 19
35 106 140
69 29 69
47 120 63
92 71 75
128 86 98
100 71 33
19 58 9
75 122 76
104 4 6
54 95 0
42 4 123
124 37 134
103 39 23
58 81 106
98 70 76
87 11 16
111 102 71
46 4 27
18 43 53
57 107 34
92 79 82
120 126 64
123 122 126
129 8 95
57 60 119
131 134 64
74 49 122
61 4 58
118 139 70
81 124 67
108 111 43
28 5 33
78 127 34
96 71 12
118 92 141
116 100 62
62 58 1
31 8 136
27 23 56
57 132 118
118 39 28
113 115 139
35 137 25
94 78 41
100 70 98
22 34 67
109 135 88
110 74 7
95 104 41
51 15 123
82 119 49
112 44 22
19 57 15
48 12 118
87 29 1
60 128 62
0 136 129
32 37 44
74 25 122
10 130 101
129 43 79
8 113 89
103 1 136
98 68 1
126 121 20
100 112 104
32 5 108
114 39 38
88 128 41
17 96 131
111 67 91
6 131 89
134 138 53
89 39 74
118 127 76
51 69 82
86 59 1
117 127 96
10 19 31
50 98 140
93 63 106
96 77 94
74 72 86
56 62 131
127 111 49
9 66 62
122 20 7
92 139 55
98 14 34
42 104 101
22 33 1
131 48 30
36 92 122
110 99 79
108 85 33
2 31 119
6 41 9
8 69 48
18 19 114
58 111 88
36 71 46
129 45 30
61 137 120
19 26 6
1 87 2
3 112 99
132 95 110
31 119 118
67 50 75
21 132 103
130 112 112
42 46 61
13 2 80
127 39 117
51 96 140
53 89 18
64 73 42
57 73 1
103 136 46
77 30 134
75 73 22
92 16 8
47 83 106
113 128 19
105 44 125
90 58 61
20 103 58
10 138 32
108 141 66
70 51 16
141 3 11
80 29 4
136 131 47
127 139 122
141 95 10
109 40 10
56 85 61
63 136 82
94 105 31
20 28 141
32 74 54
96 5 21
4 3 82
3 8 46
94 59 0
103 46 74
24 91 70
79 51 58
132 73 78
21 12 67
44 43 43
35 60 31
140 35 141
104 93 70
5 22 79
74 36 5
95 134 108
61 96 104
77 82 32
42 43 41
111 50 53
61 51 51
82 93 45
10 68 10
25 86 119
32 132 110
116 73 134
133 42 34
56 133 54
7 73 71
82 39 24
100 30 1
79 53 104
38 110 25
22 107 2
108 99 3
43 89 113
80 103 89
139 101 78
34 120 79
25 103 10
70 46 96
97 72 132
125 122 14
51 57 90
62 85 4
71 79 60
94 115 39
89 114 70
48 75 91
129 119 87
67 106 52
63 31 14
44 37 39
104 45 42
123 96 82
71 9 108
75 109 42
75 89 1
89 70 115
66 98 32
141 40 71
34 86 81
36 135 54
5 68 132
12 123 40
0 122 77
29 72 140
55 15 130
129 11 67
114 29 105
49 97 110
83 95 21
63 32 16
104 11 9
54 124 27
91 90 28
127 138 89
99 104 41
81 39 52
115 79 101
86 130 73
67 28 106
123 25 42
134 78 44
137 28 1
138 38 7
48 81 81
57 1 101
50 20 34
13 86 73
100 125 97
110 64 140
55 56 47
111 114 1
116 120 132
132 106 139
115 58 55
65 0 110
64 124 61
23 17 138
7 32 23
102 55 120
111 117 141
48 46 136
133 7 124
54 69 130
49 16 60
134 3 73
12 106 71
6 101 93
62 18 107
99 107 1
68 26 82
51 121 114
32 110 125
139 52 2
4 130 14
14 41 60
122 55 12
60 91 33
16 73 94
116 7 16
61 0 13
137 51 28
41 133 121
114 120 133
104 12 73
89 101 136
111 4 119
24 75 102
78 82 26
80 36 99
136 15 71
98 133 53
97 56 60
125 132 90
83 134 134
105 80 140
2 16 1
79 67 51
28 66 4
63 2 8
55 54 114
117 44 78
22 28 119
41 49 21
96 22 77
83 70 88
121 123 13
31 140 20
44 111 104
65 137 26
74 134 56
69 47 122
118 34 71
92 129 62
24 28 73
44 33 45
124 141 126
31 86 114
64 28 95
84 15 73
79 131 38
84 78 15
12 73 91
106 100 1
6 49 32
62 5 2
95 3 1
93 1 123
23 111 83
25 94 109
128 70 61
29 100 79
84 43 53
56 45 32
51 114 126
22 47 40
115 7 135
19 100 30
58 26 0
141 134 101
132 40 48
117 116 99
51 85 60
26 49 83
91 68 46
135 15 134
25 34 61
59 124 111
110 31 17
75 58 97
104 27 0
42 1 122
13 65 28
40 139 8
49 138 137
39 99 110
114 3 61
141 37 22
61 65 117
134 80 102
14 50 107
58 133 45
60 106 114
20 130 60
48 69 25
140 130 115
115 98 33
112 48 107
98 102 122
15 10 75
45 30 79
79 42 64
66 68 109
40 94 21
115 112 33
28 128 4
51 39 37
65 43 1
120 132 99
108 76 85
108 31 34
23 52 47
125 129 30
88 22 76
9 126 33
112 97 62
71 135 99
125 30 100
52 67 127
38 123 108
72 135 130
100 43 30
36 141 27
27 72 64
115 95 3
33 4 18
71 17 100
130 123 45
50 86 89
140 85 18
138 11 141
23 7 65
139 0 135
7 33 93
123 82 0
119 116 66
104 71 20
102 113 82
46 22 62
17 15 86
94 140 72
102 120 115
137 85 10
65 4 70
77 67 54
40 44 130
48 128 117
74 94 87
65 21 104
98 108 60
122 67 12
93 118 5
72 129 69
90 52 116
28 113 112
109 42 105
102 59 140
103 95 40
46 25 103
1 139 96
5 43 122
6 56 0
100 6 132
64 78 46
79 86 112
119 25 66
74 105 99
115 103 20
30 68 35
66 64 38
98 3 75
133 25 41
27 34 88
69 11 22
64 115 140
10 80 115
68 140 7
34 141 60
69 106 78
21 24 11
2 117 54
66 4 46
118 46 76
93 44 6
91 103 89
28 40 13
84 6 78
11 120 32
53 69 1
88 99 135
25 54 77
140 117 126
75 100 86
125 19 9
33 9 82
12 15 61
136 138 32
76 24 94
130 131 117
51 38 20
119 126 74
138 122 65
67 29 64
59 39 109
70 131 136
102 67 20
87 98 116
42 93 87
31 16 117
69 118 49
138 36 112
87 126 51
123 15 100
52 7 30
73 121 48
135 42 0
132 110 3
124 5 25
51 134 109
11 113 50
132 113 39
123 95 127
90 95 75
45 73 76
129 12 70
98 45 44
48 60 125
115 43 93
42 65 82
80 50 74
52 82 123
92 4 75
118 71 106
19 24 118
138 129 75
35 52 18
119 48 26
80 87 81
74 54 84
113 79 102
101 109 2
79 26 81
36 1 1
28 136 30
102 130 65
92 55 1
85 35 56
17 55 0
44 15 35
103 9 105
1 27 60
64 133 34
34 18 127
79 62 0
7 94 99
71 80 84
120 22 71
37 106 61
67 60 19
82 11 32
4 133 3
70 76 69
41 102 71
42 41 63
120 80 23
140 123 77
31 36 27
39 74 39
12 31 96
117 90 1
59 91 104
5 1 41
128 14 2
30 129 9
95 27 15
7 59 91
82 91 48
133 131 26
11 52 53
130 107 128
73 55 46
109 116 73
56 18 25
55 87 80
2 90 124
47 50 8
61 83 85
135 69 5
109 52 115
4 105 91
119 94 21
70 125 45
5 50 125
54 62 97
61 45 69
18 123 132
17 64 1
10 33 91
26 20 1
1 134 76
109 47 116
90 29 79
93 67 137
118 9 126
84 101 11
129 44 34
104 13 136
58 18 24
80 115 7
33 0 88
0 34 115
9 133 30
24 25 52
46 96 99
10 3 20
57 11 87
0 68 100
26 139 80
59 61 100
62 90 109
3 69 73
98 6 87
37 102 10
0 66 0
52 57 19
134 125 8
72 90 116
102 24 85
59 98 57
53 92 115
97 46 15
41 47 107
76 52 1
127 63 41
124 9 113
43 126 112
127 4 50
35 49 38
131 55 26
3 53 107
101 127 137
99 105 50
78 66 42
124 118 60
11 65 0
84 77 83
92 3 106
19 44 3
91 33 4
71 45 100
123 3 0
77 74 14
114 75 21
79 118 16
98 75 5
120 131 41
29 134 64
73 103 115
24 95 65
68 7 3
136 30 93
24 78 134
130 115 89
15 7 71
28 107 8
84 120 24
50 109 74
14 139 80
41 37 121
24 105 17
108 127 44
33 131 54
121 113 78
20 5 106
1 120 126
84 12 56
58 102 72
80 27 1
61 42 139
22 110 136
32 23 1
101 77 11
138 51 7
78 30 3
103 60 86
0 71 19
70 112 3
12 20 124
25 13 67
42 83 141
68 71 17
71 18 31
76 67 91
63 70 99
131 116 23
91 92 13
111 112 94
96 87 29
34 128 90
14 86 87
49 28 43
12 86 20
9 110 60
65 41 84
133 116 1
63 33 0
97 89 6
128 16 47
136 120 137
78 116 66
9 3 75
18 72 117
100 140 58
113 22 103
139 44 62
52 125 97
26 42 59
58 51 7
16 96 107
122 127 118
135 133 43
17 101 94
103 81 132
65 131 98
115 72 22
93 89 104
136 73 35
36 103 136
74 53 30
9 111 105
6 138 8
132 15 0
94 11 27
93 11 123
54 136 74
56 43 95
38 46 22
59 63 1
19 71 70
51 50 66
82 92 73
1 31 36
40 112 10
124 26 122
117 75 43
105 90 40
38 10 95
79 20 99
40 15 79
59 122 93
20 30 70
132 58 79
113 36 126
13 95 12
26 72 60
109 128 92
69 85 92
23 21 47
108 37 0
19 77 33
23 26 46
117 104 22
40 23 128
75 59 135
50 135 57
19 42 80
14 100 138
69 133 141
32 105 120
23 110 4
4 44 104
11 10 123
13 0 94
74 28 61
6 94 15
94 27 4
63 81 101
88 13 26
127 107 46
128 118 54
37 111 34
71 129 49
25 100 108
107 125 38
43 113 127
89 4 1
101 30 61
26 38 84
33 30 1
80 44 74
89 31 61
111 11 135
88 76 110
128 68 57
99 38 103
11 92 10
125 48 34
16 74 90
56 78 43
100 38 46
41 31 98
82 9 50
79 37 4
31 45 64
34 78 25
104 52 37
74 123 88
131 64 62
99 37 139
70 73 90
75 5 6
16 137 8
78 105 1
80 88 66
55 66 57
83 39 83
45 137 22
67 23 97
62 120 22
39 24 0
72 66 128
69 0 67
43 136 2
36 4 7
18 98 73
88 77 67
79 134 42
59 95 90
44 22 94
56 13 21
62 128 46
124 117 36
82 44 124
130 92 18
96 14 91
56 139 134
98 12 76
31 25 26
81 42 43
74 3 0
7 31 25
27 96 79
35 112 68
58 121 77
16 139 4
10 141 58
72 107 107
45 77 136
54 51 64
16 22 84
52 60 134
128 102 110
46 56 5
72 118 101
138 105 17
9 52 107
113 10 92
21 35 77
12 23 44
20 22 124
125 103 133
1 133 25
96 34 0
65 38 6
125 5 45
90 33 48
10 83 1
46 34 75
33 103 41
37 56 88
113 116 129
28 101 34
5 18 17
49 57 108
39 63 19
139 102 101
46 58 98
130 55 110
10 90 40
86 74 122
71 93 33
20 78 67
51 37 92
40 7 35
12 51 76
103 29 135
14 81 130
110 135 76
25 141 97
133 77 95
55 69 128
115 137 118
141 86 51
14 141 1
15 2 38
105 37 86
34 117 102
92 66 112
110 84 98
77 28 34
49 46 125
4 81 133
25 28 116
20 132 70
105 120 110
7 95 81
123 102 116
14 26 75
90 130 8
65 15 74
89 34 6
34 42 127
39 84 89
50 110 64
96 140 80
121 110 122
51 113 112
94 52 68
140 107 31
133 70 79
113 98 1
13 130 21
28 58 73
61 52 139
133 19 74
95 119 51
73 32 93
120 111 122
58 37 46
27 15 64
100 35 130
109 108 121
129 112 53
61 114 44
96 127 120
17 82 2
111 22 87
75 124 57
77 25 61
30 102 40
90 128 95
97 7 31
27 103 99
54 20 127
18 121 65
23 59 138
1 82 9
42 136 0
52 126 108
41 96 35
117 85 88
40 116 13
38 12 83
69 65 97
32 86 42
92 96 15
125 23 141
138 71 82
66 85 85
90 16 107
24 115 70
1 32 8
68 104 46
27 132 64
71 5 21
5 0 35
138 14 45
128 87 93
92 101 70
72 9 41
117 96 53
101 115 15
34 106 131
85 19 98
85 106 0
14 126 6
34 9 124
132 97 62
59 129 9
58 35 122
128 82 36
23 95 64
32 8 25
70 137 102
2 106 48
13 21 107
43 36 125
137 113 7
79 13 92
114 64 136
78 73 8
135 81 5
21 47 96
134 37 82
27 138 54
81 117 78
108 26 135
75 45 51
122 48 28
103 70 77
77 13 124
132 117 0
51 16 65
3 12 120
6 19 134
27 129 126
3 83 122
68 23 121
141 51 113
14 115 46
28 38 53
4 5 2
131 94 37
90 51 83
115 8 90
128 107 66
59 139 1
108 103 33
9 77 72
6 109 80
59 130 40
125 80 57
15 28 101
56 16 13
7 103 124
27 35 43
112 0 129
107 105 136
68 2 1
86 10 97
49 77 52
7 13 88
67 64 9
132 60 140
15 68 110
79 7 48
119 22 38
72 141 64
87 131 3
28 62 28
122 69 113
62 47 7
98 116 129
141 85 87
126 17 128
100 33 117
7 63 27
123 109 47
0 20 125
82 111 24
20 114 102
73 37 103
58 64 30
21 107 139
103 121 86
48 4 1
66 54 100
39 0 138
38 92 138
118 23 81
24 82 66
100 54 58
54 9 86
73 97 101
8 94 99
29 128 11
59 17 18
42 140 31
139 43 33
141 138 129
52 141 131
122 22 62
43 6 81
97 2 92
15 81 105
62 93 13
89 88 28
54 39 10
12 103 81
91 79 21
138 73 131
57 6 78
109 59 0
22 103 67
113 131 100
126 107 36
22 0 61
73 92 43
14 25 68
124 56 134
134 48 30
9 108 127
17 27 68
53 20 95
97 121 66
138 28 74
70 32 35
56 71 130
106 128 7
11 131 47
34 98 48
7 67 131
87 66 26
56 106 116
91 20 42
108 50 37
23 105 66
133 55 80
108 30 15
105 22 0
101 126 67
12 22 47
120 138 77
19 12 103
131 137 97
123 126 83
61 68 65
55 114 2
19 3 70
62 64 97
36 102 79
112 72 38
122 73 43
44 119 76
80 124 1
89 13 78
40 1 2
4 129 2
68 55 112
135 40 128
70 138 85
7 54 62
102 95 89
4 79 77
36 17 108
85 139 18
32 64 0
107 109 47
48 105 79
44 78 71
82 13 137
93 99 53
50 101 140
45 127 132
135 129 63
39 101 88
85 93 75
56 41 65
99 64 43
140 54 74
100 78 139
131 43 63
14 124 49
88 113 72
99 78 9
47 128 27
63 85 60
62 3 89
32 14 39
33 54 65
137 52 107
33 86 11
40 3 124
58 11 1
79 66 90
112 108 75
57 21 45
43 116 88
31 125 2
80 128 91
71 82 104
128 42 14
136 17 3
59 49 103
76 105 84
46 135 46
91 98 107
43 92 84
58 122 123
111 29 82
68 39 15
131 91 16
69 129 100
126 10 115
114 62 0
73 94 39
75 55 41
52 38 8
123 44 6
63 28 26
111 105 0
58 91 39
89 127 125
139 53 131
37 93 48
31 134 80
46 79 77
80 118 75
126 124 46
79 84 67
86 95 30
6 70 140
55 10 103
8 102 32
48 100 75
36 105 106
66 125 137
28 18 74
40 21 8
86 109 134
64 140 4
35 103 85
80 67 120
77 55 18
115 56 39
7 86 48
122 99 116
138 113 1
139 112 24
6 21 120
20 10 0
97 60 85
47 1 58
75 103 76
99 14 63
33 93 75
11 15 64
124 133 109
66 132 93
121 131 131
109 66 61
14 94 81
125 26 32
95 72 136
54 32 51
36 40 138
91 87 29
106 116 30
135 63 38
82 98 90
87 102 28
111 115 128
35 32 3
108 86 26
135 13 1
128 15 68
102 51 53
133 39 55
35 18 20
40 137 24
54 138 137
47 76 18
41 45 128
67 140 45
33 135 56
119 88 130
119 20 59
89 138 134
37 98 116
124 116 44
140 139 121
86 40 96
66 48 26
90 59 21
0 57 82
65 91 39
107 63 26
110 16 83
110 19 12
8 1 23
112 4 11
42 31 1
126 21 79
54 86 24
8 140 6
32 76 48
85 71 39
85 110 14
73 9 19
110 27 90
94 67 61
4 49 1
70 78 58
85 102 119
26 103 75
80 23 137
10 96 39
4 7 35
73 54 129
59 53 30
109 57 109
113 97 99
115 104 117
56 65 12
90 114 8
101 0 137
45 130 52
86 70 89
7 12 0
54 57 16
63 103 25
24 67 10
12 94 33
4 141 59
4 109 37
78 69 46
140 120 80
134 85 116
35 40 121
32 44 5
29 133 135
115 60 43
28 41 132
18 23 141
111 131 81
68 131 67
56 101 31
66 22 12
137 27 30
2 66 44
109 119 140
107 110 77
30 106 141
101 29 40
91 29 127
25 27 0
86 81 32
136 133 130
7 45 39
82 97 141
138 30 27
134 10 36
77 94 45
87 60 1
31 14 101
58 137 3
28 57 39
115 107 125
131 109 84
102 0 113
109 9 43
30 86 141
31 13 105
137 102 14
55 53 67
101 134 138
55 64 98
30 74 135
136 106 31
54 114 100
47 129 131
82 109 105
96 37 1
1 10 70
7 60 55
0 37 67
71 1 99
5 26 74
68 77 120
139 61 41
50 43 52
81 65 140
70 35 134
12 135 113
18 126 85
14 45 131
105 35 89
94 124 14
108 104 37
82 57 133
34 37 128
88 23 63
21 2 126
113 80 63
43 106 5
18 91 19
35 101 105
85 116 131
84 5 66
69 141 0
123 99 75
93 8 33
114 117 24
26 44 10
84 1 75
106 105 117
113 107 85
79 40 4
92 120 21
120 41 34
86 129 57
15 18 122
1 77 117
34 70 98
39 80 86
49 14 136
62 46 29
139 42 89
96 116 18
6 35 29
2 29 41
33 47 29
90 69 97
47 10 107
68 69 64
74 55 50
71 50 0
79 63 23
50 18 119
64 136 136
134 102 62
89 69 102
138 109 105
45 131 134
66 49 106
36 119 64
74 14 21
21 46 45
38 135 42
27 75 110
55 80 92
35 99 27
46 84 63
90 30 98
97 26 130
61 20 70
116 104 115
28 103 121
2 71 92
136 74 0
51 92 86
5 90 57
125 97 100
84 30 0
114 42 138
77 52 63
135 22 91
116 89 43
88 102 117
66 63 12
38 76 22
7 135 126
100 74 50
91 14 101
53 91 7
141 46 19
86 36 117
86 106 61
29 81 106
135 43 102
89 134 83
130 114 15
6 12 79
3 93 102
82 65 136
40 82 112
126 117 104
78 111 123
138 46 125
72 136 88
28 1 0
113 67 60
64 43 135
130 122 5
62 0 109
125 46 58
27 135 105
35 91 6
73 10 120
126 129 69
132 94 119
78 26 97
49 1 138
117 0 67
36 120 41
53 9 61
4 115 63
113 74 78
6 32 110
140 124 79
115 30 1
81 18 92
134 59 141
17 42 28
50 40 50
0 120 125
67 131 49
4 88 0
22 139 91
100 128 7
51 133 24
138 77 106
68 112 24
139 84 33
130 3 36
106 97 58
57 5 28
10 50 90
73 66 36
129 41 2
123 6 141
54 17 53
57 138 12
75 57 53
63 44 0
60 16 82
137 41 97
100 37 118
45 138 105
133 140 115
136 98 6
125 114 117
79 126 101
21 104 72
9 117 0
138 111 8
122 115 90
107 67 90
114 60 45
29 126 124
91 21 104
105 124 2
44 136 48
114 103 76
11 102 12
97 131 71
43 91 16
11 71 79
68 50 60
124 46 32
60 37 48
109 64 76
35 134 62
68 119 47
38 7 65
113 57 100
54 85 115
48 90 63
80 56 95
114 17 37
135 9 28
127 112 0
140 45 64
92 59 118
37 36 7
74 17 8
27 107 23
11 116 100
75 81 136
114 67 66
20 118 58
26 138 4
108 102 55
20 126 77
41 66 115
29 26 59
50 8 132
113 90 109
117 31 90
120 83 66
73 110 68
25 45 44
70 21 6
2 103 48
103 141 44
51 34 126
5 123 20
92 60 99
16 45 0
18 134 137
32 60 84
11 67 24
85 100 46
1 128 31
131 9 58
26 52 18
108 136 8
130 21 21
22 38 60
103 13 3
68 24 24
22 85 6
46 57 4
85 45 130
49 76 55
105 92 63
92 12 56
113 101 50
0 123 120
92 33 105
128 27 70
27 111 13
16 0 10
133 22 87
131 138 48
120 106 0
58 15 62
55 103 117
21 115 75
29 32 49
101 3 84
101 22 51
95 52 28
93 88 129
110 3 67
70 121 62
97 1 131
129 77 31
89 67 15
47 113 133
74 29 102
119 51 124
68 86 76
93 57 55
84 131 73
5 140 79
58 82 74
40 104 5
29 82 141
1 62 18
59 13 112
83 63 136
68 65 1
70 99 66
40 64 80
44 38 52
77 70 23
141 111 6
26 16 120
124 132 134
34 5 60
26 33 21
121 115 97
4 59 104
45 89 42
121 2 126
20 60 76
124 62 78
117 99 3
12 96 18
103 77 42
85 50 20
110 81 58
73 114 127
18 39 71
135 20 57
134 36 70
109 124 85
107 13 97
103 123 0
63 72 92
65 52 19
47 116 45
90 0 22
66 61 132
39 86 76
54 65 7
76 121 56
132 76 103
47 28 44
18 130 46
30 96 110
97 6 64
93 79 75
121 106 52
79 56 13
112 30 37
79 80 71
118 104 100
80 60 141
140 66 33
29 17 32
4 23 127
52 71 123
16 48 24
138 103 114
1 63 0
119 96 130
100 113 118
6 39 65
109 5 101
39 45 20
95 57 102
84 66 16
73 68 108
133 71 30
41 13 47
128 132 108
88 58 19
89 48 89
80 131 103
80 132 51
26 89 55
133 90 30
135 55 133
20 120 138
67 136 97
34 107 65
118 32 95
41 58 139
50 104 27
50 59 92
69 35 81
12 26 1
106 47 31
27 67 62
130 133 28
19 98 72
45 117 96
1 23 79
20 74 58
67 109 32
138 94 93
106 13 87
41 44 77
140 98 6
62 23 57
28 125 105
90 93 121
5 111 118
24 0 11
103 23 124
50 29 58
47 136 16
104 135 88
24 54 94
43 10 127
130 58 36
38 108 65
98 27 92
116 45 0
84 16 52
95 79 54
18 117 103
133 92 106
90 41 46
51 1 11
121 34 111
135 118 41
135 122 45
39 88 118
83 45 137
141 107 103
94 34 45
120 53 121
49 113 18
24 96 20
43 29 108
131 49 120
20 1 51
68 34 11
115 92 129
64 112 123
118 82 16
24 128 32
137 57 2
87 34 122
117 84 1
62 25 12
46 60 70
73 140 72
119 54 10
6 96 71
74 47 23
37 69 9
120 8 87
106 50 55
95 66 12
124 28 63
82 64 30
98 16 63
137 33 37
57 23 13
69 108 69
111 92 14
42 47 119
30 32 83
76 78 139
10 136 2
37 1 11
120 107 33
7 109 98
68 116 82
77 39 22
129 22 0
15 141 28
36 55 7
118 108 77
74 83 129
116 30 50
31 78 99
106 111 15
106 45 94
140 102 82
129 78 69
105 126 124
123 120 39
101 136 34
121 14 125
84 51 25
140 78 66
7 106 105
129 36 106
27 10 98
138 74 5
58 61 96
59 93 29
25 65 108
124 72 115
83 52 28
47 44 48
25 131 1
120 139 122
43 14 89
127 26 74
113 81 77
106 64 48
21 74 116
81 12 93
35 30 78
77 93 15
80 121 36
25 140 63
37 14 90
59 120 7
62 140 124
122 13 47
117 69 134
20 41 70
91 11 100
88 16 12
85 0 32
101 44 94
41 62 129
110 20 55
53 75 19
93 132 130
94 121 105
79 85 1
25 72 92
95 45 83
102 91 90
73 119 83
77 3 85
94 61 53
6 27 100
13 14 56
93 51 120
125 58 54
23 45 59
81 88 31
8 48 136
116 70 132
20 56 106
48 56 27
86 47 19
53 18 81
16 62 94
135 134 98
44 77 14
33 8 26
21 113 0
16 94 127
28 59 12
131 96 79
114 128 0
84 62 122
109 15 52
76 133 28
112 109 29
115 46 119
90 81 127
127 12 25
136 53 12
125 73 42
71 127 130
120 109 141
31 91 1
87 116 120
19 128 38
39 94 102
100 84 132
48 15 84
113 93 97
136 77 47
42 14 57
63 95 41
16 111 136
37 138 39
27 114 99
54 120 8
141 119 27
80 127 1
6 140 73
41 124 72
25 43 15
60 89 97
104 59 126
16 133 21
87 135 9
99 28 19
56 8 118
93 50 104
123 17 125
124 39 91
27 121 19
105 17 74
72 19 127
104 92 65
112 55 139
14 29 54
134 5 44
118 0 108
91 23 16
26 141 59
27 73 5
134 137 6
23 38 101
17 72 98
75 104 1
83 99 123
138 31 62
76 90 81
121 63 5
42 8 13
134 111 24
57 27 59
35 87 113
46 74 26
94 35 141
38 39 129
41 131 102
69 45 130
129 16 23
122 103 32
46 6 140
91 51 13
70 18 129
66 17 125
108 57 27
78 102 23
40 9 31
21 88 52
43 120 73
44 34 32
91 110 85
105 56 0
140 127 108
19 13 64
61 124 75
79 18 9
133 28 37
85 78 111
93 7 5
88 94 110
20 42 73
94 71 30
14 116 128
34 83 122
88 15 99
112 19 81
8 95 76
68 75 80
44 126 100
0 109 59
79 65 84
107 68 140
50 17 104
9 127 51
33 57 47
59 136 19
113 118 73
100 12 139
120 55 0
106 28 131
33 74 38
133 113 129
136 71 71
127 31 51
81 79 130
89 100 72
47 135 100
129 127 140
70 107 105
53 72 96
108 28 76
88 48 63
56 70 128
117 100 60
86 17 136
22 3 18
135 10 22
104 100 101
93 83 60
83 81 33
29 34 113
126 127 17
47 43 114
125 102 58
96 101 70
131 44 1
113 124 53
19 47 29
136 121 38
82 73 83
74 41 132
37 75 106
81 20 11
98 132 73
8 84 5
91 81 22
120 93 125
132 133 92
75 132 50
16 99 65
116 35 56
136 83 8
76 103 17
71 38 108
91 93 54
54 47 34
77 113 95
83 31 1
24 34 138
47 15 71
84 18 0
34 7 125
128 43 0
119 28 52
139 25 2
130 53 3
81 131 57
49 27 67
42 52 87
63 110 125
114 134 69
135 6 106
27 22 75
53 37 66
10 6 119
139 50 85
80 42 10
63 73 63
61 98 140
110 124 105
14 64 107
128 39 81
13 129 129
69 18 42
109 94 141
32 77 76
43 35 90
22 61 121
25 130 21
22 68 0
13 75 101
12 17 16
16 68 110
19 140 45
105 71 43
39 55 25
51 6 15
78 109 39
93 68 140
95 9 118
26 95 73
67 95 4
47 9 119
56 84 14
67 16 62
38 19 64
138 13 37
91 46 136
117 4 20
119 74 92
116 111 61
31 114 16
48 1 70
59 22 50
51 100 71
96 76 58
0 1 0
74 66 20
55 71 71
82 50 56
123 137 111
65 136 30
117 74 116
73 25 131
132 35 82
86 120 18
12 55 46
133 103 89
110 53 4
46 20 1
83 141 64
118 42 24
70 114 63
59 114 117
11 101 12
54 107 1
83 107 21
19 91 73
102 5 58
118 56 38
86 8 39
0 19 29
87 75 31
78 36 0
15 25 45
52 14 105
100 101 63
76 119 11
32 103 1
109 35 11
96 54 60
130 68 124
36 122 61
20 16 68
46 27 11
4 35 38
113 83 29
125 109 19
71 107 16
132 109 121
38 93 0
75 77 44
103 101 78
77 76 135
58 107 109
56 121 136
72 114 3
93 58 110
60 119 99
52 121 125
6 63 1
46 23 18
99 65 60
115 119 24
12 138 21
52 111 76
93 46 93
108 51 37
138 130 77
102 33 106
137 82 21
89 123 62
109 63 114
77 141 94
86 94 92
40 30 126
31 85 118
115 27 26
42 45 117
97 77 97
66 129 90
133 18 127
25 126 97
2 42 11
85 55 66
42 5 2
62 94 10
60 45 1
94 33 49
59 42 67
68 14 121
98 124 33
32 43 65
60 36 68
35 66 88
38 107 25
81 123 97
68 62 134
141 81 17
92 58 76
122 70 57
49 106 118
133 63 50
95 130 25
65 18 111
119 4 51
30 26 61
48 23 10
108 8 86
102 39 56
24 15 17
103 51 28
42 32 110
8 77 56
76 130 0
125 10 17
14 0 121
3 63 103
58 6 82
21 119 124
88 129 139
47 20 76
93 136 30
124 23 91
2 67 105
59 78 125
0 47 55
2 119 28
99 95 60
126 49 1
101 81 56
15 111 111
27 124 137
48 95 46
42 66 52
57 119 112
118 65 32
34 6 135
89 33 58
8 47 59
61 31 67
135 79 0
18 82 100
13 134 118
23 19 72
67 86 96
48 31 32
70 91 36
125 40 33
100 36 68
9 14 141
106 126 85
107 112 124
88 130 97
12 16 50
36 114 42
14 89 93
98 32 3
36 50 88
49 87 68
105 84 25
41 55 97
0 17 18
27 11 8
49 120 38
81 1 67
50 70 95
31 20 109
31 9 0
59 132 69
126 141 17
80 82 38
4 52 92
121 38 114
2 110 27
25 70 48
134 139 130
32 136 16
31 24 75
67 72 105
44 130 61
51 32 127
112 99 30
93 52 131
34 21 124
79 34 96
50 113 83
2 20 80
130 69 49
121 30 129
69 74 52
0 98 48
45 32 39
26 66 89
113 122 81
84 94 1
10 29 124
58 57 47
46 19 0
126 59 91
36 121 0
3 54 106
60 65 97
126 71 10
95 91 16
89 15 11
58 96 38
17 139 46
108 78 20
54 36 59
120 78 36
133 119 50
9 48 131
65 8 85
74 122 129
64 102 68
35 48 114
66 89 128
41 81 137
74 23 66
118 13 125
83 79 113
95 96 0
7 114 60
63 42 86
126 35 12
72 38 7
119 85 117
55 0 52
89 126 121
99 76 107
22 74 50
46 29 81
22 69 11
125 15 24
20 29 49
68 96 7
133 46 9
99 51 32
60 49 137
2 41 79
112 59 41
120 13 72
24 51 112
38 116 73
107 32 91
134 87 83
44 14 12
84 87 57
100 60 1
53 133 13
108 90 91
81 36 123
75 135 108
105 68 116
22 78 11
111 60 2
68 42 128
62 70 85
67 82 123
132 16 127
50 55 61
66 120 92
123 37 27
132 85 103
2 93 116
73 109 137
95 80 7
85 112 49
117 112 141
44 36 94
49 124 22
56 132 86
11 74 32
39 28 133
75 38 2
126 104 1
138 121 70
34 103 87
103 120 118
137 17 92
63 35 21
84 10 90
136 110 8
59 106 123
48 3 16
97 102 33
41 91 120
68 20 72
48 10 45
24 118 13
49 81 126
0 129 25
63 34 47
13 100 40
130 49 130
94 107 89
130 83 102
71 39 64
28 115 5
132 45 10
61 80 100
107 59 58
40 103 0
2 139 95
46 14 64
34 61 35
95 38 66
48 123 97
138 19 59
53 33 2
94 113 8
35 26 67
115 136 75
31 113 12
86 91 141
59 111 7
87 120 122
134 65 139
14 113 118
0 99 29
20 52 135
35 64 134
130 119 119
126 55 11
26 135 124
25 112 91
125 18 50
61 9 120
50 7 57
41 24 1
92 117 106
79 74 92
49 36 133
73 115 49
30 54 98
32 38 122
61 120 27
111 93 83
87 140 20
93 21 98
141 6 76
128 134 69
28 42 139
118 123 128
69 23 109
59 3 34
138 3 30
0 52 139
10 49 90
70 22 37
113 0 2
110 86 115
54 15 37
28 14 22
14 75 104
131 17 28
24 50 1
121 33 15
49 11 63
121 104 113
25 108 25
69 112 59
100 41 40
101 120 65
7 71 88
98 122 137
81 77 117
77 54 78
65 58 66
141 57 19
131 57 84
44 106 123
121 92 57
33 15 2
87 72 90
135 0 118
19 65 84
73 123 10
79 17 45
91 71 17
4 53 77
115 12 95
53 95 55
31 60 1
71 44 19
63 137 127
57 15 102
134 44 124
24 52 48
122 37 25
36 123 21
14 122 27
126 30 70
52 138 110
59 31 75
21 101 5
52 85 29
37 22 102
87 4 136
84 42 76
51 5 115
129 111 17
139 15 115
39 57 2
31 10 139
105 79 74
99 86 2
108 101 137
58 69 69
85 26 26
11 61 1
42 6 53
58 101 87
64 74 33
28 26 24
4 93 94
133 14 3
130 65 10
109 25 117
139 37 70
17 3 45
139 111 52
81 13 69
72 75 40
70 82 17
14 56 31
43 85 128
4 17 53
98 111 41
103 69 13
121 75 119
115 35 43
104 29 63
29 123 62
89 61 3
40 126 82
88 122 10
57 78 0
113 58 20
37 48 37
138 98 71
116 83 73
93 39 111
67 14 122
103 87 131
101 88 74
97 139 61
64 101 6
13 55 9
84 115 18
120 113 29
5 67 24
30 11 114
141 120 64
139 60 135
116 22 47
113 95 139
4 101 78
103 128 5
14 140 24
138 83 8
18 26 2
123 90 131
125 63 119
126 98 0
90 65 100
2 125 34
25 17 18
27 106 2
67 99 94
19 134 135
78 91 6
105 109 118
86 123 1
103 107 63
18 73 87
35 139 29
93 60 39
103 98 69
37 95 25
47 138 107
124 2 66
21 118 114
139 114 42
6 36 110
67 37 106
53 138 84
67 83 98
101 137 9
48 29 28
136 75 0
93 61 1
53 24 4
118 129 121
59 103 28
127 76 35
102 131 83
75 97 132
23 109 15
68 124 119
58 105 28
4 126 58
133 10 94
11 99 136
21 139 73
55 96 71
62 127 37
110 140 127
80 85 81
116 71 98
33 124 56
70 52 125
128 12 72
32 4 34
51 130 26
29 44 28
99 90 42
114 95 89
56 12 1
126 136 126
67 88 12
43 107 32
35 118 127
48 50 16
115 25 111
68 12 94
49 64 91
32 88 67
25 99 3
94 51 97
57 41 62
39 52 26
13 15 11
113 127 42
49 78 105
10 76 115
17 130 74
61 133 44
84 17 49
123 112 101
104 34 49
128 8 43
79 69 131
25 23 86
111 55 45
50 134 0
22 112 112
77 115 41
58 98 80
116 36 81
7 36 22
132 116 7
86 29 6
37 26 69
133 81 137
19 61 114
81 74 127
33 76 57
127 131 141
2 132 84
18 25 3
90 6 19
81 87 25
117 71 86
91 109 131
127 79 75
88 30 119
71 121 99
121 114 1
0 38 69
93 48 90
90 40 100
70 139 1
64 12 58
24 123 131
12 117 123
106 4 65
26 106 1
88 95 131
3 89 64
49 135 9
48 74 34
50 122 76
52 66 100
124 74 133
40 39 116
64 113 17
51 115 111
45 35 56
52 22 81
44 83 72
75 74 137
138 106 108
31 101 118
45 63 137
86 15 106
106 104 138
116 58 74
22 94 132
103 94 1
131 90 71
105 129 30
90 141 103
60 66 47
70 19 85
48 20 137
100 2 75
93 137 133
7 104 74
47 32 56
72 37 126
79 30 117
41 78 7
118 133 26
80 5 129
92 48 105
79 49 30
133 45 104
16 135 90
94 4 82
100 73 126
56 96 63
78 6 91
132 64 130
69 30 135
94 139 82
62 60 1
5 103 26
14 112 25
21 69 121
84 36 136
132 11 50
2 107 127
12 10 98
112 38 137
79 32 76
86 104 112
35 131 93
97 48 90
139 67 69
74 126 81
1 29 9
128 124 60
71 108 22
136 109 65
58 95 55
111 19 58
71 141 36
45 139 56
95 30 42
116 18 64
62 118 109
54 61 96
65 135 1
40 105 56
132 41 9
51 128 139
12 112 14
23 115 83
114 74 138
93 29 101
114 41 124
114 63 2
79 48 132
44 24 131
54 40 5
119 84 9
50 138 104
104 69 126
129 57 55
137 23 3
98 64 39
130 120 17
125 33 13
53 100 39
132 36 6
130 93 40
141 73 5
27 117 76
7 55 20
8 40 1
134 58 63
48 64 57
128 3 49
42 105 44
118 76 9
37 55 33
42 57 138
31 28 25
21 68 114
42 25 55
80 135 6
21 26 40
43 78 49
75 56 140
50 123 18
113 61 62
119 42 105
25 83 109
61 57 8
140 10 10
126 69 47
41 123 67
110 72 126
39 78 107
84 31 19
71 113 50
98 129 1
130 124 103
105 77 6
19 11 43
125 64 61
38 63 102
106 63 1
86 77 96
112 75 38
36 42 129
56 4 96
53 108 40
55 2 134
139 13 83
34 75 88
122 1 47
117 6 115
71 124 87
72 20 29
78 38 13
72 0 141
84 64 103
35 102 69
78 96 96
47 39 113
16 42 2
83 15 96
141 82 1
115 75 104
140 7 47
104 123 72
11 110 17
13 4 65
114 11 39
119 103 87
2 69 39
5 55 67
92 6 32
66 23 62
8 44 104
71 47 44
102 127 138
73 31 130
109 43 78
138 84 4
130 134 105
79 138 108
9 99 122
133 54 121
62 12 10
48 103 104
78 97 31
108 140 7
108 23 139
107 56 0
59 137 54
88 132 122
55 100 3
96 66 128
50 52 64
100 64 35
52 103 111
20 21 110
22 31 75
74 85 117
54 50 91
135 97 38
50 83 108
99 4 10
92 18 54
43 67 91
64 129 136
90 38 113
20 35 85
130 14 92
136 111 56
42 100 110
52 114 131
74 92 52
70 101 104
133 43 101
122 42 0
44 110 130
45 114 36
128 22 94
100 79 15
62 111 69
128 72 20
63 86 21
34 4 120
18 87 27
107 88 4
97 117 38
61 62 6
73 130 7
136 27 3
108 75 105
81 50 44
35 72 39
90 138 78
29 71 141
71 43 94
72 40 120
110 114 67
134 68 108
26 136 15
82 94 41
90 135 36
10 69 1
39 17 81
117 49 21
111 84 97
104 64 75
56 109 3
91 74 39
36 12 111
13 71 3
132 87 102
82 108 48
47 111 58
9 139 75
83 23 132
72 51 53
19 80 30
18 119 1
106 68 19
117 36 63
4 140 27
70 47 116
125 14 26
98 62 16
34 69 80
125 94 128
95 75 50
14 129 22
26 140 1
30 67 138
7 5 5
56 117 109
26 137 25
14 95 91
9 112 76
133 0 11
35 25 72
76 25 68
114 123 87
10 40 5
54 14 82
9 84 42
80 40 54
55 78 23
53 109 136
120 63 137
20 131 19
73 38 46
2 11 102
135 14 93
44 25 90
132 119 64
25 98 110
117 118 61
9 58 77
57 86 1
63 99 22
104 129 65
37 8 24
64 93 127
123 20 59
133 137 113
23 112 78
93 126 15
97 69 99
46 61 140
5 36 0
49 96 13
31 76 116
41 51 99
112 101 68
101 99 65
140 15 29
11 107 60
60 6 12
123 80 14
9 2 25
12 118 137
44 30 43
51 18 67
97 38 89
113 56 32
63 61 0
141 87 60
7 18 68
111 99 119
80 136 6
95 6 37
75 85 19
81 17 0
14 16 80
111 101 121
83 125 13
141 122 97
77 66 57
131 12 123
59 84 47
5 132 133
62 13 124
106 6 29
104 37 111
17 35 83
70 75 127
5 81 87
119 139 44
29 131 13
32 13 139
111 124 51
20 115 35
58 140 1
94 10 23
91 52 28
12 69 34
129 67 54
12 13 80
79 19 45
24 59 76
77 18 68
117 3 61
141 24 134
57 104 53
79 121 87
80 35 93
135 114 81
134 133 44
73 112 94
94 104 57
69 77 24
139 41 57
58 60 45
2 26 31
29 85 83
37 68 94
125 12 87
120 135 67
57 37 118
40 93 1
131 106 45
82 36 94
64 91 48
133 80 111
83 140 18
52 25 5
87 83 72
112 42 55
65 123 67
34 62 8
97 8 4
89 57 83
37 47 9
16 66 120
47 102 122
126 46 81
118 5 33
100 50 123
73 74 26
102 129 87
101 49 127
36 112 95
49 85 31
73 26 115
54 123 93
46 69 43
135 99 1
94 41 117
73 50 136
42 85 67
25 129 105
115 3 54
27 127 33
46 37 49
16 130 29
15 49 44
20 129 68
105 85 31
84 91 73
90 94 36
27 74 91
38 62 51
68 40 104
47 56 62
81 43 95
140 103 6
85 114 75
134 63 117
43 52 27
11 96 82
121 112 101
91 112 9
34 41 134
38 33 1
134 107 22
95 12 114
111 97 53
18 52 84
125 57 74
6 99 27
63 41 75
49 129 16
128 77 102
109 46 89
108 70 74
24 125 28
75 67 5
116 110 137
122 120 33
72 70 96
3 38 98
28 114 38
123 45 8
86 112 78
138 43 40
111 57 106
78 46 33
122 77 32
100 26 33
83 108 117
48 132 0
20 137 76
7 14 9
33 48 79
121 124 47
94 3 78
49 0 120
12 109 0
35 7 108
28 80 129
73 24 74
76 113 60
32 72 11
139 11 47
63 84 3
116 20 95
31 57 121
68 8 83
46 12 131
12 85 104
72 21 43
83 59 75
15 113 105
65 6 0
109 71 7
127 5 10
36 107 120
135 117 0
66 138 134
80 47 127
63 118 24
51 110 77
111 0 59
64 137 27
44 70 112
87 41 17
123 106 140
58 31 82
63 56 115
50 25 87
106 3 7
65 122 27
42 129 12
59 18 56
34 95 99
65 109 32
89 51 64
5 114 79
90 22 110
11 140 51
77 2 127
11 59 33
98 77 114
100 10 104
13 36 0
0 46 88
120 112 26
30 59 24
26 8 128
109 88 93
128 101 84
63 139 110
52 27 102
111 66 108
52 6 68
136 118 118
23 113 25
127 103 117
135 21 41
105 123 36
95 137 119
119 83 113
30 63 4
83 78 119
54 6 70
14 58 49
86 16 115
107 76 102
100 21 132
24 135 32
122 131 9
21 58 1
19 129 1
56 103 124
66 110 34
98 127 2
26 91 114
66 5 16
8 99 137
117 108 8
25 136 13
59 89 89
110 130 113
12 42 101
38 42 126
5 40 73
114 30 36
43 11 28
22 39 19
35 78 57
125 42 84
120 30 65
46 83 22
123 60 133
46 100 128
53 61 121
48 53 92
17 33 70
119 50 1
80 109 45
38 36 135
93 94 52
85 9 106
116 69 94
78 16 13
96 33 118
73 127 19
80 111 124
50 124 118
98 104 1
97 37 133
11 119 19
86 71 17
35 98 82
130 19 79
90 110 96
104 111 125
119 58 57
35 41 139
32 83 76
129 51 133
115 47 44
12 137 72
127 120 58
127 105 12
44 104 1
54 4 2
135 59 28
107 65 24
94 75 65
40 133 98
39 92 108
109 77 105
14 90 100
35 57 28
116 41 49
53 71 22
96 64 101
10 25 22
83 28 9
123 76 118
70 132 122
20 83 107
60 1 112
70 130 110
119 46 6
138 60 134
92 54 93
103 8 10
74 52 126
96 86 11
74 59 39
16 8 0
16 10 78
108 87 3
62 83 126
99 114 5
84 83 63
93 26 113
4 28 20
66 65 36
27 91 85
77 127 66
84 90 108
42 55 135
50 66 26
98 121 134
11 130 126
80 92 49
78 86 107
47 6 37
56 2 141
113 82 128
83 101 83
54 115 137
17 92 127
60 8 57
50 35 18
59 48 63
52 92 1
67 35 43
68 103 37
129 17 75
48 36 8
50 26 131
44 58 140
24 111 34
105 128 59
81 60 130
35 68 12
44 72 54
10 70 60
15 6 16
20 51 50
55 14 44
60 23 51
91 39 140
14 103 52
129 46 115
29 95 17
84 102 82
54 49 86
63 52 1
35 8 51
135 66 49
8 122 5
23 131 1
89 18 77
7 134 120
130 22 29
36 15 83
107 116 98
41 30 115
68 59 39
69 99 9
130 42 2
27 140 132
54 58 140
117 76 134
43 13 126
22 138 31
51 59 66
14 66 5
103 126 88
122 49 23
25 57 8
76 94 57
57 103 77
77 33 81
121 39 139
37 65 53
123 52 57
93 56 124
106 90 1
85 73 73
46 95 129
132 7 76
74 58 54
63 48 131
61 70 8
6 24 92
125 13 31
56 123 15
31 6 14
9 51 63
98 44 33
36 125 80
106 23 78
100 111 55
64 7 114
79 101 119
133 72 43
95 50 27
125 71 122
84 128 23
74 45 84
9 141 0
73 83 129
134 81 14
106 80 134
22 56 1
41 15 34
13 22 123
39 132 105
37 109 106
129 99 129
80 20 9
69 40 38
62 29 34
133 13 11
125 141 50
120 90 89
109 3 61
40 51 81
128 67 32
95 138 73
38 56 102
68 127 117
36 67 25
112 11 138
93 84 117
135 106 60
137 47 19
132 134 96
110 14 112
70 33 131
82 86 24
11 77 0
8 74 134
68 126 27
97 35 135
35 125 105
95 93 82
7 46 92
89 37 91
99 57 106
86 51 117
62 17 84
87 20 122
25 7 30
107 55 26
117 8 27
12 130 73
116 65 37
104 138 59
106 130 115
90 35 1
29 137 131
41 25 46
39 75 137
51 126 67
140 12 140
33 23 139
98 118 38
35 46 0
105 101 140
101 74 72
140 80 73
96 50 96
88 116 20
94 114 4
27 55 31
47 49 115
93 141 99
125 91 108
80 65 36
99 133 134
27 119 91
5 9 100
18 107 23
103 54 39
1 15 35
36 98 33
60 129 85
105 87 138
131 10 42
34 60 115
139 31 124
23 24 117
132 52 61
63 60 136
31 33 0
112 6 10
57 56 7
99 137 22
114 138 47
105 25 58
65 7 92
80 59 3
89 5 103
30 131 48
58 30 65
106 73 85
85 40 8
129 108 23
107 6 47
40 124 124
107 80 51
69 4 131
26 119 126
123 14 16
43 86 104
19 59 113
75 123 4
28 75 67
18 45 33
15 23 95
131 39 42
65 32 1
84 11 19
45 96 30
59 64 111
77 35 36
92 95 94
63 113 95
45 2 133
33 85 107
33 39 17
96 26 64
122 129 42
37 21 104
141 118 70
122 93 49
53 49 119
72 58 64
32 0 123
107 61 87
40 102 85
87 40 46
121 37 17
84 3 22
97 34 63
49 127 60
18 32 15
10 64 8
49 118 0
69 84 94
31 72 108
123 92 51
95 43 31
116 92 111
82 62 30
63 92 21
13 53 63
115 53 112
126 80 80
102 50 141
77 20 129
125 112 99
128 125 106
133 101 1
88 55 34
40 52 58
89 99 49
90 115 23
1 73 29
1 85 104
100 99 94
60 55 130
40 11 88
61 141 5
63 71 58
48 136 0
102 57 44
77 108 128
46 136 111
15 52 120
55 128 104
15 108 69
6 77 136
77 16 99
92 26 81
124 139 106
67 69 110
8 66 77
21 30 114
121 25 71
16 125 111
111 63 106
25 49 15
28 135 6
111 17 9
21 96 23
70 36 3
91 114 61
120 42 76
46 137 42
84 41 62
91 83 95
128 129 0
17 58 84
5 133 89
35 54 38
38 60 55
30 72 52
32 56 67
15 103 119
117 5 91
73 76 2
65 105 37
116 103 101
20 44 102
45 78 118
13 72 105
131 118 138
35 130 2
14 118 116
110 29 36
131 100 87
47 40 65
94 81 115
118 95 8
11 55 98
79 2 57
101 59 69
55 117 76
82 134 1
140 56 115
27 68 42
53 125 70
7 8 87
6 88 54
8 88 23
61 108 45
7 137 87
103 110 45
99 30 25
22 51 6
102 14 89
71 59 122
139 55 109
140 76 9
23 92 37
13 110 17
78 48 0
128 21 88
94 44 134
0 4 66
113 12 137
32 114 60
111 90 59
7 16 70
59 99 48
30 27 0
64 70 65
121 100 72
38 25 3
39 37 40
13 61 27
139 33 104
24 107 32
30 80 28
49 73 92
82 59 12
73 113 88
25 93 99
46 112 71
36 110 49
54 37 27
74 15 16
62 44 18
136 100 134
1 39 42
75 29 134
120 5 9
123 91 64
20 140 88
120 121 29
7 61 11
40 134 127
129 140 1
31 74 126
129 109 27
21 129 15
110 113 69
130 2 44
30 91 37
141 123 87
141 16 13
76 139 132
88 28 111
113 19 118
129 97 134
49 133 2
24 62 54
34 133 39
136 82 9
56 89 46
54 78 9
60 120 103
99 121 50
13 28 71
108 33 41
47 117 73
52 112 14
6 50 81
71 46 46
117 37 0
121 13 71
47 101 54
60 85 51
43 83 32
78 125 22
40 2 62
21 134 74
135 34 44
122 4 10
85 41 105
105 38 14
90 15 86
140 53 8
38 57 127
40 63 64
49 50 35
111 132 79
69 114 9
114 43 28
85 64 116
66 7 6
112 113 140
32 124 55
118 60 59
88 111 77
28 9 50
54 31 0
6 122 108
125 85 40
84 125 30
135 111 115
80 114 33
20 102 25
33 140 20
79 55 3
101 19 51
23 79 74
94 37 102
37 78 45
52 47 107
75 40 132
83 5 97
50 115 111
74 130 72
43 57 55
65 28 122
38 104 81
25 134 70
128 74 50
37 38 58
70 109 124
95 87 16
51 106 44
82 95 0
112 27 119
109 8 53
134 64 36
47 119 68
0 27 137
68 43 3
0 141 127
40 83 33
108 123 101
37 126 24
53 127 60
88 120 106
8 118 71
81 44 28
102 73 42
117 15 98
35 138 48
120 29 57
66 88 114
2 80 106
139 108 50
129 65 115
79 41 48
39 19 41
91 76 115
113 55 108
47 127 0
87 130 91
138 110 101
24 49 8
71 78 81
84 23 137
57 9 75
79 27 130
47 5 91
22 71 34
48 17 85
97 136 24
85 113 23
54 26 93
30 109 0
82 47 42
45 9 29
100 59 99
1 16 114
36 30 53
101 87 96
98 17 19
60 70 75
52 58 141
89 104 102
59 45 46
52 118 40
66 40 0
91 42 112
112 7 13
124 90 14
38 30 72
66 33 93
119 102 39
81 108 21
41 127 61
133 105 41
60 95 111
104 0 128
24 69 90
76 125 21
101 69 60
6 87 61
99 97 138
84 29 69
32 139 140
109 14 21
76 57 53
73 87 39
93 119 3
83 114 6
5 14 79
92 78 98
109 118 71
39 8 0
6 113 77
33 45 14
51 83 73
82 60 23
101 140 86
136 86 0
14 120 30
79 94 117
138 112 68
19 88 57
4 39 135
103 65 76
129 83 128
5 92 10
74 7 92
65 108 57
110 108 117
75 15 4
60 136 15
73 133 137
109 33 98
23 35 35
115 45 104
72 1 80
0 43 129
130 97 100
96 74 0
32 34 82
109 115 37
93 28 10
53 65 43
64 116 99
11 117 5
121 77 77
50 31 112
22 6 117
95 106 124
12 65 114
102 56 57
86 58 47
50 78 64
104 26 88
97 32 45
29 117 110
12 1 103
96 70 69
23 31 127
29 7 83
119 30 7
73 35 51
110 134 118
115 139 92
138 0 42
94 117 0
127 54 49
81 119 121
108 120 28
134 33 105
108 55 2
62 11 35
94 47 11
139 89 41
109 97 125
113 5 35
33 87 121
90 132 109
127 3 73
104 139 69
25 89 103
123 116 34
96 29 47
86 92 96
99 49 86
27 66 103
54 98 139
41 134 138
120 35 135
36 65 72
123 98 1
8 54 75
110 0 0
29 64 108
110 122 130
88 91 48
74 26 80
53 73 3
99 102 34
7 89 30
106 113 82
100 44 122
9 74 18
16 27 33
103 21 77
38 88 3
139 80 85
61 112 119
97 55 40
102 109 45
39 109 38
112 65 58
26 39 3
92 84 80
136 2 82
134 16 138
28 44 112
4 18 42
64 107 30
6 125 0
118 16 96
38 119 13
91 104 32
8 136 10
16 11 101
9 93 125
82 100 84
90 107 2
110 46 82
43 20 121
100 97 95
3 137 84
67 66 74
114 122 5
136 23 114
66 56 9
133 115 114
21 9 107
73 19 132
81 136 44
53 34 39
123 101 116
120 70 6
24 126 137
115 26 80
49 21 91
68 132 0
75 60 15
93 86 101
69 43 96
20 65 137
97 50 6
57 29 80
65 77 29
54 28 8
65 97 5
61 29 82
7 37 104
69 60 136
63 108 94
90 121 99
102 53 141
67 117 76
97 5 2
119 122 16
32 39 100
40 25 68
93 15 128
135 25 53
140 70 101
96 84 79
82 5 49
129 93 68
60 61 0
98 10 24
37 107 14
115 41 110
124 123 5
79 68 107
117 51 87
140 119 31
106 53 99
131 3 90
15 96 135
65 96 58
133 87 42
19 15 13
0 131 111
100 61 99
4 40 94
120 117 56
10 99 78
4 132 90
24 38 122
135 48 22
102 77 84
96 104 76
20 45 99
137 42 95
125 74 21
38 69 0
24 32 137
1 100 21
20 18 55
92 87 73
108 73 14
76 116 8
107 111 133
39 7 78
123 43 41
8 101 141
139 91 43
48 11 128
30 87 112
45 49 141
124 30 66
38 85 26
74 56 22
4 82 105
126 108 75
49 95 71
58 139 46
88 126 4
137 72 107
38 101 105
128 58 99
107 14 21
4 102 0
112 8 31
101 129 32
11 56 113
85 72 131
128 121 19
133 96 39
64 31 141
110 34 60
69 94 16
104 83 73
31 56 52
27 32 55
33 79 45
94 48 141
30 107 127
94 1 9
66 44 18
5 100 102
107 98 84
37 81 88
74 141 101
109 79 4
4 125 118
92 57 67
26 111 4
10 110 58
52 100 0
17 7 67
47 81 112
22 75 59
32 82 118
54 48 43
140 43 9
12 141 106
72 131 87
17 22 66
125 81 86
49 104 18
92 28 114
34 64 28
130 117 50
96 100 96
19 35 1
97 68 69
8 110 71
135 115 48
55 98 32
58 0 133
53 64 86
106 54 83
89 63 109
17 117 48
1 110 18
98 26 0
35 117 106
67 141 122
118 48 114
55 23 44
24 139 114
132 130 88
74 98 120
116 33 31
6 44 40
98 11 120
60 11 72
37 45 107
59 117 120
103 43 128
1 127 39
41 7 86
24 86 49
86 55 101
0 7 140
3 68 2
138 40 4
124 66 107
7 113 62
64 22 95
86 87 40
74 90 22
38 134 0
94 55 132
37 119 122
84 85 88
34 119 39
2 86 31
58 45 124
68 120 55
103 130 61
42 116 106
133 106 55
20 55 28
1 61 49
27 90 29
102 135 37
134 49 82
78 18 88
44 65 72
117 38 48
46 64 17
118 47 75
79 133 116
13 51 115
136 55 19
32 10 25
45 62 123
51 60 1
31 122 0
139 135 140
89 141 126
109 2 102
112 124 89
138 39 49
103 118 81
83 12 2
34 8 134
47 132 65
14 111 81
47 105 104
52 117 35
103 30 107
42 111 95
40 106 55
47 12 77
19 20 78
73 81 48
103 83 98
7 21 139
79 14 125
80 94 26
71 32 110
35 29 98
83 65 53
19 95 86
123 68 0
17 78 44
135 52 103
41 23 13
8 21 19
8 138 126
6 93 27
24 11 132
2 60 50
63 0 81
41 61 53
73 117 81
73 22 20
50 74 12
72 138 50
127 61 124
113 105 119
135 121 128
105 135 76
104 109 114
128 6 116
10 74 125
26 77 61
112 78 39
40 97 62
118 28 16
79 58 122
91 126 0
55 57 32
3 67 57
106 141 114
100 123 132
82 66 115
77 130 16
94 50 2
50 46 85
110 62 33
29 140 61
125 111 23
91 38 115
32 3 47
49 139 4
37 128 13
78 126 34
7 111 23
57 130 83
75 134 18
26 90 64
125 140 43
43 72 109
96 48 89
93 138 55
39 105 114
53 35 81
20 70 0
56 49 94
2 138 30
53 19 23
134 136 81
121 12 57
123 10 54
110 18 3
128 73 118
135 127 18
82 99 29
21 48 141
17 38 38
53 63 27
94 111 97
26 61 49
95 105 48
28 43 19
62 138 49
53 1 110
126 47 35
30 18 25
41 101 15
42 53 14
50 127 22
37 118 94
24 132 38
98 56 0
64 6 10
1 17 17
25 58 126
105 31 59
32 119 8
62 35 100
51 29 26
126 13 94
62 78 79
118 77 84
126 39 47
94 63 61
53 98 109
7 105 62
5 37 116
123 23 10
34 17 13
121 116 117
41 26 108
6 38 119
61 118 106
84 54 89
104 54 55
136 135 84
104 31 119
53 12 1
37 31 0
100 63 135
13 109 37
88 133 62
42 29 38
92 15 77
69 61 133
113 34 118
63 64 134
37 12 140
45 53 128
1 6 69
10 51 98
65 57 66
56 5 62
31 133 24
25 8 24
115 89 37
129 80 17
3 81 135
62 9 19
17 63 45
130 98 1
75 128 46
44 75 102
74 95 22
110 78 77
107 0 0
84 38 118
23 14 91
60 121 126
72 12 114
58 118 58
23 43 33
31 130 119
107 129 127
47 46 52
127 58 18
59 119 14
131 112 120
43 124 115
77 57 120
10 112 58
8 30 119
90 21 66
77 27 124
106 125 112
66 103 135
111 103 69
42 98 8
136 14 107
118 22 75
54 134 109
90 127 36
131 16 0
83 82 113
13 60 135
113 104 64
7 102 121
55 124 64
107 9 11
45 54 16
59 2 95
49 39 78
6 136 130
92 32 79
72 46 102
40 65 20
120 27 109
90 11 52
22 115 68
44 122 67
139 129 141
52 19 69
20 33 13
85 34 26
108 92 114
39 46 35
108 95 1
88 45 137
103 47 71
20 62 0
72 89 116
126 118 10
45 134 107
30 56 0
141 79 130
112 132 104
5 135 77
11 134 104
30 110 112
31 49 50
42 96 23
84 58 88
6 29 129
98 13 6
135 73 141
16 115 0
127 10 96
12 80 94
136 31 111
98 88 79
2 87 123
21 108 126
24 18 65
120 118 85
20 69 116
92 89 140
95 98 0
111 45 43
26 116 30
35 47 105
130 61 54
36 53 117
10 21 1
26 36 87
54 90 28
48 141 104
93 140 76
122 40 36
125 7 27
106 88 84
38 140 130
51 49 102
133 126 27
35 14 44
84 45 46
100 32 58
97 122 77
20 133 80
64 45 76
89 83 89
101 55 102
41 106 77
82 127 24
121 93 0
89 140 67
25 21 84
128 4 83
4 72 5
73 105 104
138 126 36
138 123 30
9 13 50
100 132 27
10 63 124
62 43 63
40 78 37
81 109 63
32 69 25
46 17 131
13 34 100
112 31 16
4 26 84
4 139 90
83 9 140
138 32 87
113 69 108
5 115 84
123 21 111
130 8 125
113 4 118
5 94 0
54 137 136
1 7 57
126 111 102
14 48 14
76 22 19
58 73 66
135 124 9
52 33 70
119 61 138
91 57 128
34 140 115
64 87 106
34 93 101
92 9 116
32 49 36
141 140 61
3 72 17
5 11 99
14 3 41
53 7 86
75 82 76
19 120 122
93 27 79
60 109 42
58 63 38
74 107 20
17 108 0
72 80 61
97 140 105
32 59 44
104 127 118
116 1 102
17 122 52
98 85 137
140 21 80
112 66 69
136 22 52
35 124 64
5 35 14
104 48 39
50 126 95
70 117 34
130 33 113
37 87 20
95 110 62
72 109 53
69 121 23
40 62 0
53 62 124
56 54 38
135 119 41
137 77 108
136 84 12
20 125 0
137 94 8
62 59 126
123 79 42
133 3 47
15 77 91
118 112 82
106 101 139
39 53 48
137 31 103
75 43 70
46 108 37
40 12 2
24 13 104
9 30 1
36 95 129
3 65 79
120 74 57
1 121 129
107 31 129
20 57 18
1 137 117
63 67 125
85 15 17
43 53 131
118 94 137
84 14 141
76 54 0
32 90 97
72 86 23
123 133 84
59 105 60
83 37 19
131 56 75
137 96 116
99 62 135
20 97 10
55 65 6
53 88 5
100 62 92
24 127 121
81 118 24
45 8 124
99 58 118
102 93 2
130 85 92
44 97 38
75 26 18
32 109 89
105 64 105
18 57 116
132 6 8
88 40 17
6 139 47
90 103 0
18 115 140
43 97 74
75 92 73
109 51 34
62 73 11
71 35 8
139 34 129
113 29 70
21 33 17
35 84 45
124 42 44
82 19 131
124 78 0
84 57 35
0 97 34
9 125 59
141 23 81
105 12 11
19 121 41
100 130 4
73 29 70
6 119 87
116 50 47
56 82 29
4 16 45
112 71 11
51 17 0
35 82 127
29 135 34
31 124 18
112 133 89
44 99 16
31 47 94
20 107 25
91 85 71
54 27 74
34 66 15
85 53 102
12 27 114
86 75 42
91 56 48
68 18 76
76 7 66
133 59 91
33 27 87
132 30 92
91 54 64
133 91 61
51 8 100
116 55 17
137 22 88
64 15 18
83 2 118
19 55 0
123 4 110
24 5 67
133 12 25
3 49 87
135 107 21
89 1 114
128 136 51
14 114 46
126 75 27
109 87 111
41 109 1
90 77 76
23 138 56
58 22 69
34 74 17
67 21 22
48 6 43
93 20 76
37 66 36
122 25 0
118 38 77
5 38 36
112 50 93
120 12 7
67 20 96
73 5 8
40 14 0
51 78 127
100 108 35
18 112 88
97 128 105
17 18 15
45 119 137
71 65 80
123 97 116
109 28 41
48 43 40
84 127 71
50 140 45
15 129 47
57 68 68
50 0 128
115 138 72
69 136 105
80 52 130
19 16 64
116 122 71
79 103 55
113 16 17
135 4 20
77 12 16
21 29 72
0 132 59
45 15 0
12 9 24
0 70 104
14 117 116
99 3 70
72 10 28
28 52 129
3 122 46
114 108 59
132 86 38
13 58 10
61 12 14
15 126 26
124 127 139
6 20 126
6 85 9
35 81 105
5 25 88
82 130 130
75 50 104
16 21 33
119 101 46
28 131 89
107 96 19
80 9 139
56 83 34
115 15 99
54 111 0
114 50 51
137 83 26
56 53 63
71 74 28
20 15 97
77 56 51
17 26 140
130 43 91
5 15 33
66 141 75
87 24 25
110 105 15
78 89 101
91 61 68
107 119 104
84 4 17
131 125 102
7 42 58
70 93 87
2 120 124
15 110 43
46 127 43
36 11 17
141 7 77
97 30 51
13 131 116
79 140 0
110 119 122
41 92 134
44 0 45
22 91 55
122 63 93
88 96 3
126 94 30
105 29 139
15 121 15
107 118 118
26 55 53
16 37 62
87 127 67
38 81 125
105 121 91
41 8 73
26 123 120
19 63 134
116 13 118
57 53 89
81 28 78
115 38 35
93 115 10
81 64 7
37 112 124
50 32 137
55 91 0
128 56 1
54 0 2
108 93 49
109 126 65
1 68 45
33 78 17
107 139 8
50 3 22
89 77 37
141 65 47
79 106 141
0 82 68
35 93 9
16 17 38
133 21 78
16 53 99
112 92 36
104 80 125
108 58 4
46 3 70
106 127 37
55 32 50
90 92 45
71 34 80
13 29 97
71 37 58
113 27 0
68 17 2
105 132 34
61 37 94
4 27 46
3 82 92
68 99 9
109 26 136
89 27 94
97 57 51
68 46 5
21 105 129
94 64 133
59 88 129
131 83 96
23 76 108
66 11 29
4 2 125
36 87 64
100 134 11
78 1 46
25 96 43
98 9 27
81 121 61
102 49 110
31 4 112
47 100 24
49 8 0
19 43 91
76 111 50
12 28 72
22 102 100
18 37 119
69 9 16
29 55 69
116 37 52
122 32 78
74 62 53
30 137 26
120 134 108
26 82 49
86 138 105
15 22 60
9 96 83
37 23 29
88 50 118
8 111 63
13 94 9
30 60 41
75 20 97
1 98 41
90 56 68
70 26 11
84 73 83
116 126 0
32 112 90
0 21 34
122 21 28
12 34 13
120 96 63
34 80 46
83 100 132
53 44 33
7 83 89
130 75 12
105 52 59
60 88 40
5 128 13
42 107 101
64 24 20
108 121 121
106 1 53
99 80 90
61 87 141
126 3 33
90 12 95
130 15 45
45 38 47
86 11 133
52 62 83
61 128 69
46 24 0
87 51 55
89 102 24
46 2 123
44 85 72
87 78 69
8 141 63
7 130 15
77 36 29
2 72 117
12 74 128
4 96 94
125 130 90
95 94 70
28 69 90
70 43 43
34 56 137
18 96 69
118 7 26
46 73 75
18 95 42
80 110 51
28 111 125
138 119 86
5 78 36
96 89 36
105 27 47
47 133 0
121 48 14
141 99 38
108 56 115
41 12 85
94 89 121
101 85 69
43 38 36
113 26 61
48 133 70
40 117 64
37 3 141
17 67 34
72 83 106
9 16 58
31 94 116
75 101 60
88 123 140
129 87 126
47 88 54
3 15 63
26 64 88
13 54 92
37 86 13
109 141 70
57 123 104
0 95 136
94 85 0
102 141 39
39 16 117
60 9 86
89 98 112
91 34 47
21 52 42
22 14 19
127 95 7
75 93 95
89 40 13
44 51 67
130 139 76
116 62 108
116 23 52
101 66 44
104 85 16
63 65 124
131 59 51
87 7 76
53 82 26
52 49 6
35 89 128
1 140 78
82 84 67
62 96 69
87 46 95
24 129 0
68 138 57
127 21 4
20 98 121
8 134 125
65 124 1
95 112 117
0 2 99
117 83 5
95 65 41
91 138 8
112 57 72
29 58 41
93 17 5
82 87 86
110 94 18
4 12 132
24 57 51
77 71 27
74 13 68
39 66 90
98 43 110
11 100 58
41 125 56
132 38 39
23 98 92
9 41 100
28 89 0
24 122 105
71 131 53
69 57 60
67 61 84
127 85 20
46 101 47
85 88 27
105 55 51
68 117 43
139 100 44
6 18 102
70 68 53
43 105 13
44 18 49
13 99 124
126 60 11
102 3 9
7 20 134
133 68 13
23 114 18
86 107 51
127 44 84
52 53 40
120 56 67
68 88 76
76 35 86
133 38 0
91 8 41
31 44 121
68 52 30
19 37 107
64 20 100
19 93 123
83 55 25
106 39 95
11 108 54
95 89 42
33 80 102
98 114 72
90 24 68
43 108 28
67 44 47
80 31 103
17 21 62
16 76 18
28 123 106
58 136 102
52 36 95
140 3 61
81 31 56
91 17 85
119 7 125
45 101 11
85 21 0
87 122 17
110 139 85
62 130 127
139 71 141
18 106 39
123 58 136
45 81 96
83 76 93
100 103 131
138 128 66
30 93 113
99 71 134
100 133 111
95 47 10
16 120 52
97 83 0
112 56 79
67 32 128
59 110 123
124 95 107
39 120 36
73 20 74
43 31 121
63 116 126
95 117 21
129 113 86
130 1 0
59 57 60
135 132 72
73 48 79
68 32 20
121 132 14
9 4 11
31 0 27
110 104 18
104 133 99
34 52 79
25 51 54
73 47 136
125 116 121
100 137 109
80 76 41
102 114 121
45 24 59
44 140 73
100 22 51
0 114 33
6 17 116
12 67 43
123 129 82
84 121 24
97 70 89
34 138 71
20 88 0
77 60 135
141 110 96
13 132 76
18 61 31
98 109 26
6 73 11
132 91 67
10 4 85
41 40 41
74 118 127
107 77 93
31 93 82
138 59 132
2 92 42
6 104 63
136 70 130
47 63 99
127 13 21
122 124 129
1 33 61
82 69 119
61 71 104
113 130 60
49 119 56
87 32 69
100 120 16
75 0 0
40 58 111
78 104 81
44 89 11
59 52 35
29 4 86
100 9 54
134 12 129
33 35 137
52 1 66
100 124 128
10 39 65
39 116 55
113 13 76
29 116 58
83 133 48
33 138 27
114 100 31
52 115 118
47 96 67
132 79 48
54 5 61
58 78 43
16 41 39
40 92 123
70 104 10
18 104 44
122 80 0
14 93 4
29 22 75
78 72 39
72 106 93
55 121 76
66 46 123
110 125 112
134 94 82
78 53 97
42 10 36
5 91 75
124 83 22
95 78 88
92 49 0
128 32 84
51 120 89
98 40 82
73 2 4
17 28 103
37 84 104
61 28 98
63 77 24
78 122 92
19 69 128
7 24 26
118 122 71
0 134 0
120 94 74
124 10 57
83 75 77
130 9 137
137 4 78
15 59 95
51 98 95
21 78 129
85 122 97
2 43 7
73 43 9
19 54 129
87 69 133
30 141 93
49 9 84
84 68 49
62 119 83
99 24 63
77 31 87
84 44 114
2 25 121
125 68 134
9 42 90
17 57 11
105 97 44
92 131 109
141 55 0
5 76 85
49 91 129
56 64 141
48 138 50
131 42 117
4 110 92
1 30 9
76 15 17
46 15 112
134 115 18
137 114 85
109 19 7
23 96 60
86 117 43
19 56 84
40 53 65
85 86 51
7 82 53
5 45 10
88 138 106
100 20 26
50 69 66
2 64 30
139 8 132
78 65 35
114 4 88
134 73 0
111 85 127
127 125 17
20 82 140
11 53 116
90 25 141
55 90 114
82 96 64
76 110 139
126 128 132
72 71 21
52 79 98
75 102 38
16 79 93
26 107 49
61 78 109
43 127 39
81 23 13
36 45 101
5 85 98
27 139 119
14 57 111
3 120 92
119 78 45
72 130 33
21 75 125
31 109 55
131 124 0
69 140 46
25 81 5
52 107 16
122 91 112
104 134 74
76 138 116
99 50 93
69 59 54
129 120 66
70 57 26
111 96 120
115 49 22
132 138 89
121 122 121
83 64 104
24 72 59
69 139 0
18 47 38
9 102 45
53 83 136
85 135 27
68 6 65
121 119 132
132 123 87
15 95 43
115 71 121
130 116 0
101 121 113
13 78 52
66 86 100
126 66 37
132 108 129
136 102 18
84 104 134
72 113 32
44 57 128
103 45 105
64 80 112
133 84 24
46 63 103
92 97 134
12 132 35
19 45 19
53 93 105
76 87 81
42 70 47
117 109 48
65 133 20
129 56 18
134 105 105
55 134 86
74 4 27
60 116 39
23 65 0
77 92 108
3 76 134
79 6 70
124 15 9
4 138 8
61 72 40
44 1 35
1 136 61
114 6 87
75 119 48
59 123 140
59 43 41
25 20 78
10 88 12
20 106 76
131 40 17
29 0 107
100 94 67
107 35 85
11 137 28
110 48 86
29 78 27
18 139 88
115 81 80
76 53 14
45 112 8
104 36 0
31 53 36
86 126 139
49 23 97
21 32 87
101 78 138
66 15 120
125 89 7
26 57 121
120 133 113
25 117 63
2 126 20
80 69 11
47 55 136
108 39 122
88 34 135
115 9 102
74 97 124
116 67 114
41 119 92
68 108 119
107 81 37
15 73 56
25 107 10
22 23 11
111 89 130
4 71 29
27 20 0
107 53 118
129 132 132
86 124 8
103 72 15
32 108 112
125 38 114
90 87 117
14 92 23
80 57 112
59 27 106
43 111 66
126 115 69
117 13 114
79 22 101
48 7 93
65 70 128
30 2 91
18 140 33
91 28 47
101 135 53
83 110 63
70 14 50
136 40 141
123 42 74
101 26 136
137 62 90
45 99 0
136 52 66
21 117 10
48 109 2
20 141 111
110 37 36
66 3 123
87 121 64
19 2 97
66 53 53
139 12 10
32 95 46
102 90 17
16 36 87
57 48 38
110 28 2
26 121 95
52 10 81
102 70 6
47 59 131
64 38 76
125 138 112
113 117 3
125 139 31
21 83 87
111 49 57
96 36 114
76 19 0
16 59 58
63 8 59
96 97 74
61 85 39
110 127 58
118 119 129
21 59 51
105 81 139
91 67 102
113 99 24
72 121 2
114 13 22
13 93 76
81 98 82
76 134 4
112 76 113
86 4 96
23 101 126
70 94 63
106 21 130
76 40 38
114 49 89
64 44 135
121 32 13
55 110 117
17 99 88
11 44 0
26 63 76
4 98 85
93 125 85
44 73 77
76 97 46
55 82 107
69 107 40
96 67 24
22 134 64
79 38 39
20 134 130
100 69 94
69 134 99
60 39 75
123 69 66
85 96 133
97 84 138
126 99 39
3 124 49
54 135 109
71 70 2
20 39 22
79 114 106
24 140 137
84 52 89
72 7 128
4 19 0
98 67 66
28 8 31
14 62 18
122 60 102
2 111 107
56 1 55
105 20 128
130 111 57
137 92 104
56 135 101
75 139 54
3 79 111
16 29 65
121 62 34
22 62 53
19 114 119
5 112 67
51 81 128
23 20 126
18 138 7
66 43 30
113 91 68
103 41 54
122 12 92
119 52 129
74 24 54
42 138 0
54 29 19
2 101 124
50 21 130
32 25 31
86 119 67
124 0 47
43 74 18
64 13 137
93 47 127
123 87 126
23 36 90
111 6 38
70 141 65
107 75 5
129 40 31
100 23 19
121 129 123
77 62 133
23 121 0
119 40 15
108 88 96
97 15 30
127 57 85
113 53 43
24 124 75
106 115 125
3 73 0
110 97 40
15 38 130
17 80 47
132 99 41
76 95 48
60 98 89
14 1 88
119 120 136
135 61 70
33 82 109
44 12 83
131 46 135
102 104 106
119 117 17
84 32 84
137 50 71
80 13 6
79 125 105
97 19 72
53 104 64
62 8 18
7 70 49
118 106 94
109 113 88
104 76 81
101 33 130
1 80 0
126 41 66
80 93 51
48 61 93
37 33 121
25 120 137
124 18 87
36 97 66
118 45 93
88 131 125
38 126 72
141 11 5
32 116 111
94 60 115
85 70 44
122 82 123
28 100 8
22 11 87
41 59 21
43 119 30
38 29 81
10 53 68
138 116 85
22 124 68
26 130 115
1 34 122
3 107 111
90 50 0
86 114 29
106 70 89
65 74 59
86 133 125
30 14 25
5 30 56
136 21 97
42 87 31
119 106 57
102 6 106
9 136 71
66 19 28
109 92 54
60 41 60
99 115 29
18 122 17
62 113 89
93 117 122
0 89 126
108 128 26
126 28 63
134 24 139
113 70 82
125 50 4
103 10 108
103 58 124
0 12 0
100 135 36
70 1 79
66 100 114
59 97 84
10 67 50
36 34 112
105 122 0
14 36 119
91 48 45
33 61 52
135 91 29
72 116 25
32 11 79
101 51 110
134 109 55
4 14 27
123 77 29
31 30 12
60 5 109
100 8 139
12 76 74
20 89 51
135 2 68
121 102 40
24 26 121
34 111 139
89 73 0
67 134 17
96 59 103
105 91 113
87 88 6
35 65 134
8 135 1
13 73 27
28 53 101
83 18 27
107 16 10
131 135 18
21 22 44
15 35 36
48 62 136
131 104 90
68 29 79
52 88 15
104 2 133
12 114 90
122 39 119
35 111 108
76 59 11
116 84 85
120 32 106
112 2 127
18 93 132
7 128 0
29 5 77
84 33 47
93 106 0
30 70 5
116 49 77
79 87 137
123 139 12
32 133 119
68 111 97
107 12 83
139 116 115
126 64 46
99 103 96
97 71 75
92 102 88
38 98 11
73 33 3
92 140 67
39 30 17
25 101 94
137 38 31
5 122 68
3 135 38
120 37 51
6 66 141
24 47 21
57 90 0
88 86 35
58 27 9
92 103 1
66 25 19
69 33 122
16 30 92
100 27 115
133 35 39
63 140 14
30 0 24
65 119 43
46 55 128
68 25 13
107 19 102
10 114 96
33 2 76
69 92 51
71 123 108
98 69 83
72 117 58
70 54 92
94 68 15
8 53 60
114 53 67
99 32 59
61 3 60
17 133 0
97 107 109
41 10 16
3 2 46
56 73 90
56 25 125
57 64 41
124 134 15
122 35 87
48 99 82
19 34 56
99 140 76
40 60 94
133 141 94
99 139 72
67 39 28
108 113 51
3 125 45
33 13 140
21 18 139
75 54 3
69 27 44
107 101 98
74 103 52
99 54 113
140 137 43
67 58 112
6 72 0
17 118 81
1 88 68
72 14 51
118 116 126
129 63 61
128 23 21
36 35 52
25 33 17
36 33 137
91 111 95
99 15 125
42 121 116
114 56 25
24 16 128
118 31 102
109 84 43
25 127 122
78 107 34
34 81 53
34 132 135
84 70 101
103 96 88
0 11 82
21 11 94
122 56 74
141 58 127
48 102 0
31 18 117
36 21 64
72 102 76
47 97 23
59 70 39
42 0 64
119 16 103
114 107 78
22 53 77
103 135 17
28 30 32
38 70 19
87 0 86
63 104 134
70 24 87
80 6 54
79 107 53
129 3 106
56 88 129
43 4 75
77 0 130
65 59 90
62 108 101
53 122 27
78 10 67
23 140 73
122 51 0
40 49 119
44 135 125
81 100 139
117 125 132
36 32 89
58 49 131
106 29 92
115 85 61
5 70 94
7 127 116
109 61 5
125 54 82
23 139 8
42 126 82
68 109 101
121 40 123
76 4 7
123 117 122
33 41 123
110 60 84
51 42 0
3 51 114
42 24 131
45 6 94
113 35 102
122 139 2
83 30 0
119 112 94
129 48 135
14 11 90
76 136 79
118 40 43
21 112 139
47 122 72
105 3 108
48 68 8
15 131 44
126 83 107
132 29 26
1 117 38
43 51 111
84 99 105
140 131 12
57 134 35
42 77 80
102 43 89
113 32 36
141 97 80
28 36 96
21 79 112
30 62 14
47 110 88
41 141 11
91 75 0
23 51 51
97 133 14
5 106 108
108 34 61
74 0 121
86 6 79
38 89 40
87 16 31
13 50 90
37 132 29
113 2 92
32 20 52
22 80 5
109 106 23
31 132 75
40 91 18
17 132 131
106 81 86
141 131 79
85 118 136
5 27 9
127 72 141
9 101 38
102 133 137
141 17 116
63 50 90
128 110 0
111 48 74
45 4 88
60 10 97
81 26 120
127 86 7
102 112 81
32 117 62
78 75 15
38 74 141
5 130 40
80 83 73
24 119 121
29 45 121
133 129 65
12 29 44
12 111 29
19 78 112
28 6 63
55 21 46
96 99 18
108 74 44
31 11 93
128 123 41
104 8 88
17 77 6
77 73 30
71 87 0
80 108 22
138 17 141
13 136 11
52 140 141
76 66 115
113 140 80
16 140 135
108 49 74
79 45 66
93 65 93
87 23 22
135 137 38
98 7 93
109 54 16
44 35 59
101 12 31
24 1 19
28 95 36
39 62 83
99 47 6
119 17 136
139 77 16
17 124 52
107 40 78
61 16 128
49 136 50
68 45 0
53 30 64
135 123 111
56 40 82
54 83 106
129 31 124
23 44 45
69 25 101
67 54 93
21 39 137
60 107 111
138 15 20
98 29 9
11 70 85
2 131 13
65 73 0
71 128 49
119 3 2
53 50 13
116 93 36
88 14 127
44 50 124
39 98 127
87 97 23
101 32 89
99 72 127
120 110 29
64 19 0
113 78 44
21 102 55
62 88 78
9 65 117
124 138 82
112 89 88
34 43 132
97 108 14
62 132 67
23 132 72
80 18 104
117 141 126
24 22 133
126 77 11
46 32 62
70 3 95
127 88 116
0 10 115
59 125 89
117 28 58
89 120 40
29 109 96
62 2 110
122 34 114
88 100 31
118 99 35
42 113 0
38 55 115
84 126 125
42 40 53
79 88 51
113 18 105
41 82 38
52 129 0
81 52 126
137 132 82
18 22 121
83 8 91
83 4 96
61 2 109
12 116 24
129 134 94
116 82 48
125 108 120
91 32 79
110 24 14
57 140 65
137 49 85
131 73 24
110 41 65
77 110 25
128 11 87
17 83 14
128 99 0
74 106 41
18 132 1
51 77 59
137 89 79
81 116 112
65 113 79
61 6 101
47 38 65
100 65 109
125 92 125
72 79 101
130 137 40
121 82 99
118 115 55
85 136 34
110 100 92
93 74 138
134 99 22
10 129 140
39 56 65
65 10 107
85 89 91
27 56 108
57 16 51
27 43 26
10 139 10
46 130 0
9 36 60
135 23 96
106 61 86
5 31 18
127 67 90
69 120 3
18 2 90
91 37 60
75 118 140
90 80 29
97 12 60
81 19 16
61 40 71
88 37 21
31 98 15
37 50 69
51 56 64
47 131 86
10 22 7
107 108 138
17 120 96
29 138 23
113 111 71
55 76 130
17 53 139
98 47 113
99 131 0
105 119 72
23 94 91
1 107 63
110 49 128
121 29 31
111 40 90
106 65 62
14 131 112
15 127 35
117 107 115
29 11 74
58 87 120
34 115 33
44 116 136
137 56 76
136 34 16
128 20 91
129 124 95
50 56 101
5 52 80
2 75 96
98 30 10
56 127 132
23 104 52
40 48 82
20 11 2
67 133 0
121 47 13
15 67 40
123 72 50
59 85 19
24 137 49
116 3 105
135 88 66
135 95 21
93 23 51
122 72 108
104 56 3
116 54 22
116 9 16
33 105 63
44 7 36
26 67 111
68 74 21
56 67 28
100 40 110
37 74 126
105 89 97
12 136 9
115 86 81
30 4 18
129 38 96
115 131 28
92 93 0
83 48 95
123 13 101
82 102 17
42 72 137
97 116 19
100 24 95
118 121 92
83 105 37
140 122 88
11 42 73
61 86 107
85 131 53
68 72 92
91 116 98
21 138 103
2 99 113
19 62 123
69 5 63
122 11 16
65 67 71
129 82 81
68 87 83
105 34 0
27 37 70
33 5 135
44 118 125
47 14 0
55 22 132
116 52 67
33 16 31
65 110 123
6 108 53
118 41 34
52 51 89
56 60 129
46 120 19
38 113 72
27 109 92
27 48 71
59 14 88
66 1 92
120 95 60
19 132 35
55 31 2
100 0 40
33 14 137
77 100 104
90 112 10
118 50 29
25 4 139
8 133 24
87 118 108
40 33 48
90 3 0
45 90 132
116 15 126
131 103 10
9 1 65
7 6 49
23 0 121
138 41 15
52 128 114
101 42 21
115 11 44
114 105 56
128 116 134
105 102 110
53 131 40
92 25 56
3 52 56
132 8 29
56 87 38
106 25 97
123 22 98
28 120 76
25 53 102
86 69 23
91 77 28
16 81 66
31 103 18
81 40 0
80 32 99
48 84 87
87 89 102
23 30 77
13 8 134
66 139 54
68 92 33
117 77 133
50 107 33
62 80 110
98 99 115
45 80 71
32 106 68
129 91 113
70 31 31
81 72 127
88 139 20
51 0 60
102 68 81
88 51 55
8 46 7
115 123 24
65 86 48
70 95 96
36 8 68
86 105 63
41 19 0
72 22 121
92 122 66
37 113 62
39 34 90
53 46 96
113 54 57
134 71 23
11 109 58
80 84 138
55 104 61
100 39 5
137 48 129
123 31 104
140 109 73
60 4 9
30 17 85
27 47 120
102 76 107
91 107 134
24 88 98
78 14 95
32 93 110
137 87 117
41 77 2
123 9 44
96 57 86
34 50 0
57 106 41
125 121 3
125 126 18
114 47 83
7 99 71
94 97 102
11 12 62
98 141 27
51 123 49
79 139 99
10 95 91
86 26 54
34 28 133
27 3 24
65 62 22
113 25 61
53 97 49
55 45 69
81 126 112
97 54 54
106 96 84
98 93 42
123 32 58
16 106 13
52 127 130
86 27 6
46 76 0
109 34 139
72 54 133
97 86 106
34 130 7
130 60 43
91 9 89
17 135 124
29 40 119
9 55 86
116 53 44
113 9 91
1 25 45
36 115 90
100 93 1
95 131 66
21 54 32
101 138 41
3 21 48
65 46 69
125 51 105
21 114 17
41 80 101
23 75 102
14 17 90
25 124 26
112 88 133
139 5 0
122 62 46
120 64 117
56 28 137
91 3 40
71 48 123
75 127 138
138 96 121
135 98 20
140 39 10
98 15 137
30 89 79
22 48 96
49 63 58
117 89 2
135 83 91
129 94 69
54 89 91
67 104 107
110 58 135
140 138 39
6 127 96
120 71 62
139 54 50
95 128 108
136 116 26
63 101 59
128 92 0
45 122 93
101 71 105
36 133 121
56 24 56
65 117 15
138 108 78
127 22 91
66 122 6
3 71 7
119 87 122
47 29 137
41 43 85
128 59 137
95 84 37
122 15 126
36 59 124
32 141 4
48 72 90
136 92 27
44 3 81
26 122 23
83 24 56
37 103 35
127 18 78
90 31 23
118 114 13
36 56 0
89 80 29
126 96 63
28 10 96
52 86 4
124 97 64
34 35 31
97 24 116
47 66 46
45 72 17
121 16 60
8 20 102
1 59 19
67 0 121
78 0 54
38 80 83
32 15 66
58 126 117
65 127 41
80 119 128
47 13 122
140 37 37
112 39 136
20 95 11
110 123 52
24 36 77
66 83 79
78 25 0
25 137 93
37 30 114
80 4 76
109 130 22
92 127 131
66 12 39
10 45 81
69 41 85
13 128 24
28 105 54
20 4 44
85 20 24
118 86 82
6 11 68
119 99 3
111 71 82
132 54 38
79 10 17
55 109 126
12 93 57
5 3 41
141 113 50
85 87 72
5 119 71
127 97 96
42 127 141
50 9 0
96 63 3
13 90 100
131 63 71
117 133 50
1 115 60
112 1 33
136 114 134
73 17 72
9 128 81
47 139 30
12 99 10
16 28 56
29 33 125
16 97 65
59 87 23
137 112 40
108 59 55
119 79 0
67 22 4
36 73 103
122 41 28
130 80 105
120 125 104
124 84 11
112 34 69
110 71 36
21 131 0
24 66 40
84 55 120
84 28 37
3 132 28
35 123 121
77 80 40
78 130 94
112 134 87
85 103 38
12 89 115
41 64 97
137 36 76
116 59 47
61 122 2
41 135 79
30 3 81
132 72 140
19 136 83
117 134 86
86 98 102
106 139 47
123 55 117
88 71 19
141 127 26
2 44 104
43 21 39
124 99 0
138 16 62
34 126 6
8 11 29
82 120 6
43 88 13
122 23 107
27 28 89
67 9 23
86 73 108
90 23 62
26 15 37
52 30 132
60 26 64
66 115 54
118 30 55
26 84 85
137 119 27
82 103 45
14 61 118
29 41 88
45 27 137
78 74 10
114 132 57
109 17 105
97 80 125
2 108 82
126 137 0
2 141 84
118 27 72
124 12 60
79 90 87
103 0 25
