496 1000
219 101 1
101 467 0
219 5 0
219 83 0
83 483 1
483 183 1
467 208 0
219 33 1
101 86 0
5 214 0
86 438 0
219 167 0
214 62 0
62 349 0
101 56 0
62 197 0
208 94 0
438 444 1
438 52 1
467 118 0
94 168 0
167 250 0
214 9 0
349 405 1
467 295 0
405 73 0
349 446 1
295 13 1
52 415 0
250 230 1
214 196 1
446 190 1
101 380 0
73 350 0
415 393 0
230 203 0
438 370 1
101 54 1
101 361 1
219 366 1
380 129 1
83 236 1
250 176 1
9 99 1
197 284 1
350 475 1
176 346 1
94 257 1
183 377 0
196 171 1
366 124 1
250 307 1
380 262 1
350 371 1
380 400 1
346 200 1
99 74 0
446 213 1
438 363 0
73 389 1
307 147 0
483 75 0
349 28 0
33 462 1
349 339 1
167 260 1
339 490 1
99 385 1
393 478 1
52 82 0
118 158 1
262 441 1
208 477 0
284 59 0
363 78 0
219 1 1
86 235 1
190 66 0
54 316 1
75 106 0
203 351 1
213 79 1
158 27 1
236 248 1
56 25 0
467 194 1
441 185 1
124 460 0
257 243 0
467 404 0
339 212 1
94 476 1
361 186 0
260 60 1
185 21 1
147 249 0
83 38 1
307 345 1
167 348 0
203 26 1
371 20 1
190 207 1
467 356 0
1 140 0
197 280 1
176 354 0
476 242 1
345 126 1
62 355 1
280 76 0
345 144 0
377 374 0
400 226 0
118 4 0
74 232 1
21 388 1
73 261 1
248 406 0
243 279 0
478 480 0
52 330 0
140 154 0
5 132 1
295 311 0
140 455 0
9 67 0
213 403 1
118 338 0
363 210 0
168 336 0
404 341 0
28 358 1
311 19 0
370 381 0
346 303 0
66 433 1
236 42 0
330 273 0
441 32 1
132 464 0
354 422 1
79 174 1
433 29 1
441 270 1
27 258 1
444 189 0
476 474 1
483 251 0
66 182 1
167 134 0
474 457 0
422 396 0
356 456 0
460 216 0
260 384 0
158 447 1
54 120 0
67 432 1
349 317 0
186 409 0
66 160 1
409 413 0
1 145 1
21 367 0
145 265 1
251 152 0
242 65 0
82 473 1
106 324 1
82 285 1
338 452 1
182 471 1
284 146 1
242 402 1
75 305 0
146 206 1
317 344 0
385 225 0
59 114 1
324 417 0
356 92 1
417 436 0
21 418 1
154 2 1
280 77 1
79 435 1
146 424 0
118 297 1
114 115 1
477 88 0
19 181 1
73 80 1
76 228 1
189 131 0
219 315 1
129 484 1
94 254 1
436 301 1
317 217 0
118 308 0
483 159 1
490 320 0
284 49 0
385 112 1
444 84 0
94 332 0
140 282 0
88 256 0
49 179 1
358 221 1
174 178 0
409 164 1
415 450 1
284 411 0
484 138 1
432 461 0
348 439 1
219 10 0
457 465 0
42 119 0
146 156 1
210 180 0
476 386 1
140 173 1
126 293 0
99 201 0
301 277 1
452 407 0
79 40 0
94 35 0
355 43 0
439 143 1
404 485 0
356 238 1
243 48 0
235 247 1
83 169 1
168 322 1
42 104 1
452 487 0
152 96 0
99 310 1
277 162 0
114 360 0
247 151 0
242 252 0
406 15 0
182 177 0
404 286 0
78 85 1
461 102 0
256 372 0
189 395 0
197 399 1
372 239 1
336 93 1
254 423 1
49 373 1
25 123 1
256 51 1
32 329 1
235 309 0
415 110 0
131 128 1
372 111 0
134 245 0
238 312 1
129 383 0
258 376 0
21 448 0
456 44 0
123 246 0
476 437 1
151 300 0
270 431 0
329 71 1
245 234 1
351 482 0
200 240 0
4 397 1
73 428 0
316 198 1
20 408 1
186 489 1
489 193 0
432 412 1
62 442 0
5 153 1
482 133 1
114 343 1
473 492 1
332 191 1
104 304 1
460 30 1
462 90 0
424 95 1
406 398 0
300 39 1
370 362 0
173 378 1
246 255 0
217 7 1
384 11 0
487 259 1
484 458 1
409 283 1
158 449 0
132 139 1
11 334 0
106 420 0
449 387 1
297 401 1
71 105 1
144 53 0
348 264 1
232 263 0
401 289 0
42 175 1
236 45 0
371 292 1
448 89 0
336 231 0
140 149 1
13 269 0
102 323 1
9 31 1
158 434 1
164 50 0
338 18 1
28 130 1
250 440 1
424 122 0
164 429 0
259 187 1
216 155 1
397 493 1
467 137 1
147 331 1
122 454 0
397 486 0
43 375 1
130 278 0
460 229 0
331 313 0
230 46 1
310 445 0
173 237 1
454 281 1
289 117 0
356 359 0
324 205 0
40 430 1
493 426 0
43 215 0
80 107 0
339 199 1
343 325 1
123 61 0
44 68 0
381 141 1
355 326 0
194 459 0
489 410 1
338 491 1
411 353 0
433 6 0
221 364 0
426 369 1
137 443 0
300 23 1
181 479 1
258 100 1
308 223 0
465 127 1
371 125 0
322 290 0
230 287 1
431 302 1
263 382 1
375 463 1
6 390 0
344 365 0
260 148 1
364 319 1
371 321 1
194 16 1
312 192 0
29 291 0
336 103 1
429 0 1
155 357 0
293 272 1
144 299 0
229 327 0
355 47 1
255 202 1
438 425 0
117 222 0
462 368 0
329 116 0
286 209 1
112 55 1
465 416 0
258 63 0
473 204 1
28 276 1
254 241 1
364 218 0
86 233 1
416 294 1
96 453 1
200 87 0
15 318 1
490 267 1
28 340 0
478 70 1
212 36 0
118 121 0
434 157 1
310 211 0
145 342 0
393 57 1
61 136 0
292 17 1
422 220 1
260 64 0
234 333 1
452 37 0
443 271 1
428 451 0
334 166 1
450 22 1
199 306 0
483 414 1
169 142 0
95 224 1
35 391 1
429 184 1
310 481 0
68 34 0
453 12 1
401 188 0
342 314 0
167 41 0
42 266 1
302 472 0
219 466 0
71 58 1
365 392 1
382 3 0
159 470 1
450 172 1
402 72 0
458 488 1
219 98 1
74 109 0
465 14 0
159 97 0
125 379 0
299 69 1
6 163 1
166 468 1
291 352 1
376 495 1
158 244 1
299 24 1
233 161 1
220 337 0
134 469 0
369 494 0
325 91 0
71 150 1
222 328 1
146 227 0
309 268 0
260 253 1
48 165 1
441 394 1
207 419 0
330 135 0
332 170 1
129 298 0
93 275 1
263 335 1
292 8 1
98 296 1
207 421 1
478 195 1
363 113 0
368 288 1
83 81 0
254 274 0
303 427 1
197 108 0
357 347 1
276 435 1
75 284 0
86 20 0
95 274 0
343 22 0
348 175 0
480 397 0
252 77 0
427 313 0
127 71 0
289 433 0
392 344 0
478 404 0
340 125 0
107 344 0
231 197 0
165 491 0
234 121 0
132 67 0
224 337 10801
413 208 0
442 203 -572117928
247 228 32613
95 490 -572117928
80 487 32613
55 201 0
79 25 0
128 441 0
248 291 0
261 147 0
203 286 219
305 226 83
35 22 0
61 484 83
383 341 483
95 171 1
353 180 483
222 383 183
35 434 1
46 327 467
4 396 208
233 97 0
135 315 219
53 246 33
433 419 1
240 363 101
11 8 86
270 158 0
104 305 5
70 229 214
99 265 0
313 21 86
97 243 438
298 361 0
220 184 219
429 71 167
4 355 0
79 407 214
278 41 62
454 110 0
53 450 62
114 352 349
115 275 0
285 34 101
147 471 56
3 401 0
284 67 62
413 153 197
180 286 0
18 140 208
307 340 94
104 25 0
388 312 438
5 56 444
468 143 1
232 355 438
67 186 52
409 475 1
435 238 467
326 375 118
439 483 0
139 51 94
472 37 168
93 60 0
15 346 167
409 214 250
494 73 0
176 233 214
387 99 9
123 470 0
36 149 349
412 52 405
327 384 1
281 270 467
149 254 295
134 310 0
145 217 405
242 188 73
468 401 0
213 393 349
471 432 446
2 371 1
188 478 295
473 160 13
40 394 1
206 134 52
265 241 415
300 440 0
77 397 250
150 308 230
47 332 1
58 114 214
21 437 196
270 468 1
81 274 446
225 492 190
149 238 1
43 111 101
226 3 380
380 493 0
335 346 73
251 419 350
437 475 0
39 333 415
365 349 393
155 480 0
254 131 230
356 390 203
190 181 0
119 123 438
151 232 370
365 168 1
457 82 101
414 147 54
212 442 1
391 477 101
432 309 361
95 126 1
239 172 219
124 222 366
78 343 1
378 141 380
468 98 129
413 276 1
260 108 83
96 158 236
0 195 1
222 338 250
402 420 176
387 4 1
88 456 9
287 95 99
451 284 1
208 62 197
394 65 284
168 85 1
233 77 350
487 339 475
459 436 1
252 398 176
223 447 346
204 464 1
484 184 94
117 214 257
303 165 1
90 384 183
247 333 377
339 187 0
354 120 196
237 354 171
416 0 1
79 30 366
26 450 124
97 346 1
202 44 250
206 176 307
417 140 1
147 185 380
318 288 262
413 43 1
113 264 350
129 19 371
11 349 1
396 449 380
413 493 400
363 255 1
491 221 346
388 290 200
395 247 1
401 99 99
481 353 74
341 276 0
4 224 446
80 355 213
153 72 1
35 443 438
16 155 363
271 72 0
10 427 73
34 414 389
306 19 1
303 265 307
215 325 147
452 209 0
465 359 483
4 59 75
164 204 0
281 38 349
275 185 28
443 97 0
157 378 33
220 490 462
225 40 1
55 265 349
328 87 339
476 121 1
330 430 167
357 400 260
244 100 1
43 417 339
53 213 490
170 282 1
312 325 99
472 268 385
115 63 1
482 169 393
304 225 478
256 222 1
476 312 52
253 369 82
469 35 0
358 368 118
399 81 158
117 449 1
64 61 262
58 348 441
264 449 1
464 365 208
167 397 477
4 391 0
493 208 284
113 489 59
129 114 0
466 480 363
353 440 78
306 493 0
210 79 219
295 382 1
277 461 1
243 34 86
13 422 235
422 332 1
150 331 190
144 49 66
197 265 0
61 202 54
339 272 316
475 31 1
126 340 75
264 11 106
55 213 0
91 211 203
316 366 351
287 235 1
337 292 213
14 37 79
318 89 1
184 283 158
235 394 27
63 81 1
215 0 236
309 1 248
381 124 1
109 231 56
13 15 25
322 339 0
161 469 467
332 9 194
323 137 1
254 477 441
353 385 185
298 234 1
371 413 124
275 281 460
344 336 0
442 117 257
466 22 243
177 234 0
37 176 467
217 373 404
301 473 0
102 229 339
66 227 212
335 107 1
78 24 94
126 176 476
127 430 1
15 366 361
223 303 186
63 238 0
132 380 260
195 404 60
332 469 1
425 71 185
133 78 21
246 170 1
213 348 147
196 185 249
436 126 0
442 477 83
9 172 38
117 348 1
423 215 307
136 419 345
135 443 1
213 386 167
253 11 348
344 183 0
13 77 203
372 401 26
18 268 1
34 313 371
397 306 20
114 113 1
214 2 190
227 362 207
236 110 1
259 475 467
117 401 356
428 228 0
229 292 1
276 154 140
162 347 0
404 212 197
486 392 280
99 121 1
334 68 176
204 139 354
52 32 0
346 264 476
251 286 242
213 347 1
102 282 345
442 274 126
332 452 1
462 199 62
363 384 355
375 74 1
413 372 280
347 105 76
37 204 0
375 109 345
265 449 144
208 362 0
360 227 377
21 127 374
265 448 0
430 234 400
382 477 226
25 413 0
413 480 118
269 494 4
277 439 0
144 453 74
51 68 232
475 4 1
116 194 21
76 27 388
9 21 1
219 459 73
295 454 261
6 153 1
183 150 248
80 291 406
342 456 0
392 386 243
223 428 279
55 134 0
200 366 478
316 415 480
258 328 0
406 176 52
71 457 330
161 464 0
492 471 140
334 407 154
416 440 0
112 238 5
152 415 132
454 267 1
95 457 295
355 141 311
203 219 0
405 121 140
21 286 455
466 315 0
19 79 9
151 340 67
366 47 0
343 83 213
346 482 403
370 267 1
220 95 118
312 17 338
329 103 0
37 116 363
251 263 210
261 440 0
108 157 168
238 212 336
485 347 0
234 252 404
312 311 341
307 140 0
167 165 28
353 454 358
5 162 1
88 322 311
217 300 19
477 485 0
116 127 370
234 161 381
242 60 0
103 279 346
170 261 303
70 434 0
365 448 66
391 212 433
204 172 1
8 38 236
397 142 42
311 222 0
44 283 330
300 224 273
428 85 0
135 128 441
31 423 32
48 453 1
98 448 132
173 323 464
89 124 0
63 431 354
332 405 422
231 390 1
23 105 79
19 290 174
358 405 1
69 428 433
91 424 29
226 102 1
281 210 441
419 458 270
494 120 1
461 62 27
405 109 258
251 408 1
47 151 444
224 422 189
205 166 0
223 391 476
95 26 474
75 415 1
187 350 483
10 36 251
148 163 0
159 354 66
406 6 182
92 471 1
318 144 167
482 129 134
372 29 0
12 185 474
451 259 457
382 450 0
333 56 422
401 296 396
415 290 0
344 99 356
291 201 456
226 378 0
388 191 460
247 481 216
324 84 0
425 297 260
436 404 384
419 356 0
44 361 158
331 142 447
37 70 1
443 65 54
41 4 120
201 360 0
211 318 67
269 490 432
351 320 1
429 356 349
326 176 317
166 162 0
188 354 186
152 401 409
153 157 0
421 84 66
489 201 160
121 20 1
229 260 409
