7 
142 0.0087580000 0.0081080000 0.0081520000 0.0085020000 0.0080430000 0.0079180000 0.0090650000 
192 0.0084930000 0.0084460000 0.0087950000 0.0084950000 0.0083790000 0.0085220000 0.0084670000 
242 0.0095880000 0.0088030000 0.0087710000 0.0093660000 0.0088160000 0.0088410000 0.0089320000 
292 0.0092350000 0.0101220000 0.0092570000 0.0091470000 0.0094740000 0.0094620000 0.0101290000 
342 0.0094720000 0.0099470000 0.0093580000 0.0093700000 0.0100790000 0.0095090000 0.0096010000 
392 0.0097970000 0.0096620000 0.0102270000 0.0096840000 0.0105780000 0.0096220000 0.0097990000 
442 0.0100910000 0.0099230000 0.0107160000 0.0100600000 0.0108590000 0.0100110000 0.0099550000 
492 0.0102530000 0.0102920000 0.0109570000 0.0103020000 0.0110940000 0.0102970000 0.0102980000 
542 0.0105090000 0.0105270000 0.0111990000 0.0105420000 0.0112770000 0.0105720000 0.0112580000 
592 0.0108990000 0.0113420000 0.0108400000 0.0108470000 0.0108800000 0.0107700000 0.0118020000 
642 0.0110030000 0.0116140000 0.0109950000 0.0117990000 0.0110230000 0.0117390000 0.0109810000 
692 0.0117790000 0.0111950000 0.0113500000 0.0113020000 0.0111960000 0.0116860000 0.0111810000 
742 0.0120370000 0.0114060000 0.0122620000 0.0115320000 0.0120620000 0.0114720000 0.0120270000 
792 0.0116820000 0.0127230000 0.0116420000 0.0128120000 0.0116040000 0.0122150000 0.0117450000 
842 0.0129620000 0.0119380000 0.0130800000 0.0120160000 0.0125330000 0.0119710000 0.0121120000 
892 0.0122400000 0.0132330000 0.0121400000 0.0131000000 0.0121120000 0.0129540000 0.0121880000 
942 0.0134560000 0.0123930000 0.0135230000 0.0124740000 0.0133530000 0.0124300000 0.0132520000 
992 0.0126260000 0.0134670000 0.0126230000 0.0134780000 0.0126830000 0.0132150000 0.0126170000 
1042 0.0135910000 0.0126810000 0.0134440000 0.0128190000 0.0133560000 0.0127600000 0.0133560000 
1092 0.0129290000 0.0133900000 0.0129810000 0.0133040000 0.0135900000 0.0129490000 0.0141490000 
1142 0.0132120000 0.0141890000 0.0132980000 0.0141670000 0.0131610000 0.0138830000 0.0131930000 
1192 0.0140130000 0.0137860000 0.0135860000 0.0149230000 0.0136320000 0.0142970000 0.0134470000 
1242 0.0147130000 0.0136910000 0.0142500000 0.0137500000 0.0136800000 0.0147540000 0.0137260000 
1292 0.0150320000 0.0138720000 0.0147410000 0.0138860000 0.0144260000 0.0142340000 0.0140630000 
1342 0.0152630000 0.0141880000 0.0151270000 0.0142180000 0.0146240000 0.0142390000 0.0140750000 
1392 0.0155340000 0.0143920000 0.0152700000 0.0145310000 0.0147990000 0.0153000000 0.0143900000 
1442 0.0155700000 0.0145260000 0.0150300000 0.0160750000 0.0145060000 0.0153980000 0.0148460000 
1492 0.0154340000 0.0151800000 0.0147490000 0.0156630000 0.0147210000 0.0159720000 0.0150820000 
1542 0.0152070000 0.0160930000 0.0150390000 0.0158800000 0.0154710000 0.0164030000 0.0161000000 
1592 0.0152870000 0.0153070000 0.0162920000 0.0150840000 0.0159550000 0.0152220000 0.0154090000 
1642 0.0166170000 0.0153580000 0.0161840000 0.0162840000 0.0154440000 0.0164680000 0.0154200000 
1692 0.0159350000 0.0166200000 0.0155040000 0.0163030000 0.0161320000 0.0155830000 0.0165720000 
1742 0.0158150000 0.0158060000 0.0168430000 0.0159130000 0.0163970000 0.0170270000 0.0158260000 
1792 0.0167990000 0.0168700000 0.0160580000 0.0171570000 0.0160670000 0.0160200000 0.0170700000 
1842 0.0161780000 0.0166100000 0.0174300000 0.0162500000 0.0166570000 0.0173420000 0.0160820000 
1892 0.0174150000 0.0176630000 0.0164750000 0.0173830000 0.0168720000 0.0164220000 0.0174200000 
1942 0.0167350000 0.0165640000 0.0175400000 0.0165900000 0.0166080000 0.0178930000 0.0167590000 
1992 0.0168420000 0.0179590000 0.0167200000 0.0167190000 0.0181120000 0.0167720000 0.0167110000 
2042 0.0181500000 0.0184010000 0.0169590000 0.0183380000 0.0184340000 0.0169000000 0.0184120000 
2092 0.0179920000 0.0171210000 0.0177590000 0.0180260000 0.0169900000 0.0178310000 0.0183830000 
2142 0.0170840000 0.0180580000 0.0182620000 0.0170660000 0.0179070000 0.0186810000 0.0172480000 
2192 0.0176500000 0.0186700000 0.0177660000 0.0173590000 0.0186410000 0.0183080000 0.0172490000 
2242 0.0185900000 0.0187590000 0.0174270000 0.0183860000 0.0186570000 0.0175080000 0.0181370000 
2292 0.0187120000 0.0185160000 0.0176590000 0.0188330000 0.0186170000 0.0175880000 0.0187070000 
2342 0.0188670000 0.0178380000 0.0183510000 0.0189140000 0.0178030000 0.0178600000 0.0192850000 
2392 0.0190240000 0.0179830000 0.0185290000 0.0194360000 0.0180200000 0.0186310000 0.0193550000 
2442 0.0197570000 0.0183080000 0.0189030000 0.0192400000 0.0181410000 0.0187330000 0.0194250000 
2492 0.0197970000 0.0182270000 0.0192530000 0.0196340000 0.0182210000 0.0184950000 0.0196440000 
2542 0.0198320000 0.0184160000 0.0191760000 0.0196470000 0.0187210000 0.0185690000 0.0197690000 
2592 0.0196620000 0.0186480000 0.0191180000 0.0198890000 0.0196940000 0.0186040000 0.0195010000 
2642 0.0197090000 0.0192520000 0.0186900000 0.0196320000 0.0199880000 0.0186550000 0.0188210000 
2692 0.0200800000 0.0204160000 0.0190330000 0.0191250000 0.0203510000 0.0203550000 0.0190150000 
2742 0.0192470000 0.0203470000 0.0205760000 0.0190880000 0.0195700000 0.0205730000 0.0201700000 
2792 0.0192440000 0.0192490000 0.0202290000 0.0206260000 0.0192030000 0.0195020000 0.0210360000 
2842 0.0207410000 0.0197850000 0.0194310000 0.0205070000 0.0207620000 0.0197120000 0.0194600000 
2892 0.0201870000 0.0209070000 0.0206390000 0.0194580000 0.0201550000 0.0206720000 0.0206010000 
2942 0.0197230000 0.0197170000 0.0207040000 0.0211540000 0.0200800000 0.0196140000 0.0207340000 
2992 0.0208710000 0.0210110000 0.0198370000 0.0204540000 0.0210160000 0.0207980000 0.0197900000 
3042 0.0198850000 0.0212960000 0.0211060000 0.0211270000 0.0199810000 0.0207730000 0.0211370000 
3092 0.0213390000 0.0207460000 0.0200850000 0.0209880000 0.0215400000 0.0214400000 0.0200080000 
3142 0.0202260000 0.0212090000 0.0216200000 0.0214070000 0.0202510000 0.0208950000 0.0217350000 
3192 0.0224210000 0.0219910000 0.0204920000 0.0208830000 0.0216730000 0.0214810000 0.0212220000 
3242 0.0205310000 0.0207650000 0.0216480000 0.0221280000 0.0211980000 0.0205600000 0.0211260000 
3292 0.0214700000 0.0221390000 0.0220000000 0.0206560000 0.0212460000 0.0217920000 0.0219490000 
3342 0.0224010000 0.0209480000 0.0209060000 0.0220030000 0.0224340000 0.0219200000 0.0216890000 
3392 0.0210320000 0.0220190000 0.0220760000 0.0222290000 0.0224310000 0.0208520000 0.0210720000 
3442 0.0221410000 0.0225960000 0.0220170000 0.0218660000 0.0210490000 0.0217270000 0.0228890000 
3492 0.0225260000 0.0225230000 0.0222520000 0.0213140000 0.0219720000 0.0224780000 0.0225220000 
3542 0.0224820000 0.0227480000 0.0216450000 0.0219620000 0.0225300000 0.0230990000 0.0223960000 
3592 0.0220700000 0.0214540000 0.0219540000 0.0225500000 0.0225490000 0.0227080000 0.0218690000 
3642 0.0219790000 0.0218270000 0.0226540000 0.0232300000 0.0227050000 0.0231720000 0.0216140000 
3692 0.0217210000 0.0228680000 0.0229890000 0.0229360000 0.0231340000 0.0220970000 0.0218230000 
3742 0.0224770000 0.0230720000 0.0229730000 0.0230940000 0.0232850000 0.0217730000 0.0220310000 
3792 0.0237510000 0.0232180000 0.0229970000 0.0232750000 0.0234020000 0.0221140000 0.0220750000 
3842 0.0228960000 0.0233960000 0.0233800000 0.0231980000 0.0233730000 0.0221530000 0.0223570000 
3892 0.0230630000 0.0232240000 0.0238300000 0.0232580000 0.0236180000 0.0222190000 0.0223260000 
3942 0.0231150000 0.0233370000 0.0236120000 0.0237200000 0.0237490000 0.0224460000 0.0222650000 
3992 0.0228710000 0.0235900000 0.0236530000 0.0236250000 0.0238100000 0.0240930000 0.0226110000 
4042 0.0226200000 0.0233080000 0.0238250000 0.0236520000 0.0238300000 0.0238910000 0.0242490000 
4092 0.0231270000 0.0227000000 0.0243380000 0.0239500000 0.0237750000 0.0239940000 0.0239940000 
4142 0.0235940000 0.0227200000 0.0221900000 0.0228950000 0.0233690000 0.0232790000 0.0234110000 
4192 0.0237400000 0.0233690000 0.0222930000 0.0224260000 0.0235620000 0.0232480000 0.0234660000 
4242 0.0241190000 0.0261890000 0.0226920000 0.0227450000 0.0230960000 0.0236710000 0.0235020000 
4292 0.0241570000 0.0245450000 0.0239640000 0.0230320000 0.0225330000 0.0228270000 0.0239630000 
4342 0.0241100000 0.0239710000 0.0240010000 0.0238660000 0.0240290000 0.0228930000 0.0228090000 
4392 0.0237740000 0.0239320000 0.0239800000 0.0240440000 0.0241740000 0.0243730000 0.0228290000 
4442 0.0241860000 0.0229970000 0.0239580000 0.0240980000 0.0239410000 0.0243030000 0.0240200000 
4492 0.0246240000 0.0241970000 0.0231130000 0.0231470000 0.0240930000 0.0242310000 0.0241450000 
4542 0.0247190000 0.0247150000 0.0242530000 0.0247740000 0.0233140000 0.0232000000 0.0236750000 
4592 0.0242930000 0.0247260000 0.0243160000 0.0243390000 0.0245100000 0.0245120000 0.0247310000 
4642 0.0250890000 0.0237020000 0.0243480000 0.0236350000 0.0251170000 0.0246150000 0.0243210000 
4692 0.0247600000 0.0249480000 0.0247820000 0.0245050000 0.0249360000 0.0239190000 0.0235050000 
4742 0.0235970000 0.0242470000 0.0249380000 0.0245630000 0.0245410000 0.0247490000 0.0248140000 
4792 0.0254230000 0.0252370000 0.0252450000 0.0243570000 0.0238610000 0.0236920000 0.0243600000 
4842 0.0246410000 0.0251150000 0.0253160000 0.0248450000 0.0248160000 0.0251030000 0.0252860000 
4892 0.0255450000 0.0257170000 0.0246230000 0.0240400000 0.0239780000 0.0243090000 0.0250840000 
4942 0.0253220000 0.0253560000 0.0249870000 0.0253690000 0.0255430000 0.0253140000 0.0250800000 
4992 0.0257770000 0.0259670000 0.0251960000 0.0240800000 0.0241290000 0.0243300000 0.0251540000 
5042 0.0252860000 0.0255410000 0.0252680000 0.0252740000 0.0251920000 0.0259210000 0.0255900000 
5092 0.0260770000 0.0256380000 0.0257070000 0.0257520000 0.0247700000 0.0244750000 0.0243160000 
5142 0.0246610000 0.0248850000 0.0252710000 0.0254900000 0.0256170000 0.0254770000 0.0256310000 
5192 0.0259180000 0.0258830000 0.0259310000 0.0259760000 0.0263410000 0.0257040000 0.0262080000 
5242 0.0264750000 0.0265050000 0.0258810000 0.0247060000 0.0246380000 0.0249570000 0.0253110000 
5292 0.0253870000 0.0259450000 0.0262620000 0.0257960000 0.0257300000 0.0256940000 0.0258810000 
5342 0.0263580000 0.0262200000 0.0260290000 0.0262010000 0.0261600000 0.0259390000 0.0262850000 
5392 0.0266490000 0.0266520000 0.0262430000 0.0265450000 0.0268730000 0.0259010000 0.0252280000 
5442 0.0264370000 0.0254420000 0.0259170000 0.0254560000 0.0252190000 0.0251930000 0.0252100000 
5492 0.0251920000 0.0252070000 0.0258820000 0.0260060000 0.0262820000 0.0261970000 0.0263370000 
5542 0.0264510000 0.0264920000 0.0262740000 0.0264000000 0.0262650000 0.0263460000 0.0263310000 
5592 0.0266830000 0.0265210000 0.0263850000 0.0265760000 0.0266070000 0.0266190000 0.0266480000 
5642 0.0270100000 0.0273050000 0.0267710000 0.0269700000 0.0267520000 0.0268320000 0.0269660000 
5692 0.0272140000 0.0271380000 0.0269490000 0.0270380000 0.0270740000 0.0272320000 0.0273800000 
5742 0.0274850000 0.0273130000 0.0269500000 0.0273630000 0.0271130000 0.0271190000 0.0270370000 
5792 0.0274590000 0.0273670000 0.0271180000 0.0270140000 0.0270710000 0.0270210000 0.0274150000 
5842 0.0277710000 0.0273940000 0.0271320000 0.0270340000 0.0270000000 0.0273720000 0.0273080000 
5892 0.0277280000 0.0275980000 0.0275210000 0.0278660000 0.0271180000 0.0271490000 0.0273840000 
5942 0.0277210000 0.0275160000 0.0273720000 0.0273090000 0.0270860000 0.0270810000 0.0281980000 
5992 0.0274170000 0.0277890000 0.0273280000 0.0271880000 0.0276160000 0.0274090000 0.0271870000 
6042 0.0275950000 0.0277040000 0.0274680000 0.0273390000 0.0273260000 0.0275630000 0.0273300000 
6092 0.0276560000 0.0276460000 0.0272310000 0.0278280000 0.0273060000 0.0273190000 0.0275160000 
6142 0.0277710000 0.0275870000 0.0276570000 0.0273900000 0.0274520000 0.0275710000 0.0274250000 
6192 0.0278280000 0.0277220000 0.0274810000 0.0276830000 0.0275470000 0.0275090000 0.0275530000 
6242 0.0280380000 0.0279820000 0.0275410000 0.0275550000 0.0278250000 0.0277680000 0.0277330000 
6292 0.0279020000 0.0278420000 0.0276980000 0.0277230000 0.0284080000 0.0275810000 0.0276460000 
6342 0.0269760000 0.0294180000 0.0281490000 0.0281270000 0.0281440000 0.0281210000 0.0281110000 
6392 0.0284080000 0.0282590000 0.0281290000 0.0279700000 0.0278750000 0.0279290000 0.0280270000 
6442 0.0286330000 0.0282500000 0.0280220000 0.0280300000 0.0282060000 0.0281150000 0.0278750000 
6492 0.0276750000 0.0274950000 0.0271610000 0.0304620000 0.0282880000 0.0285710000 0.0284520000 
6542 0.0287530000 0.0283450000 0.0281960000 0.0282380000 0.0283180000 0.0282890000 0.0281930000 
6592 0.0284810000 0.0284840000 0.0284390000 0.0282080000 0.0284010000 0.0282020000 0.0281260000 
6642 0.0303390000 0.0291940000 0.0289250000 0.0288810000 0.0288680000 0.0287370000 0.0285270000 
6692 0.0288150000 0.0289050000 0.0286220000 0.0287440000 0.0287400000 0.0284670000 0.0284800000 
6742 0.0286440000 0.0286660000 0.0284020000 0.0280030000 0.0301080000 0.0291740000 0.0290440000 
6792 0.0290370000 0.0289080000 0.0287250000 0.0288360000 0.0287690000 0.0286200000 0.0286950000 
6842 0.0291970000 0.0288950000 0.0286810000 0.0286650000 0.0287240000 0.0284220000 0.0283040000 
6892 0.0307610000 0.0295430000 0.0293660000 0.0290510000 0.0290770000 0.0289710000 0.0289440000 
6942 0.0292900000 0.0293010000 0.0289300000 0.0288470000 0.0286750000 0.0283400000 0.0304330000 
6992 0.0306060000 0.0296490000 0.0292030000 0.0290300000 0.0291650000 0.0290980000 0.0289090000 
7042 0.0293810000 0.0290100000 0.0284820000 0.0305860000 0.0297580000 0.0293950000 0.0298040000 
7092 0.0299250000 0.0299260000 0.0293560000 0.0291500000 0.0292100000 0.0293280000 0.0286270000 
7142 0.0309950000 0.0299920000 0.0295220000 0.0295520000 0.0292740000 0.0294780000 0.0292640000 
7192 0.0295180000 0.0306590000 0.0292760000 0.0287450000 0.0309160000 0.0296570000 0.0295490000 
7242 0.0296810000 0.0296080000 0.0295500000 0.0294460000 0.0293840000 0.0299090000 0.0288620000 
7292 0.0313400000 0.0303240000 0.0298020000 0.0298050000 0.0297450000 0.0297340000 0.0295210000 
7342 0.0301020000 0.0296570000 0.0291560000 0.0311010000 0.0299170000 0.0297780000 0.0298430000 
7392 0.0301640000 0.0303490000 0.0298300000 0.0295060000 0.0312360000 0.0301960000 0.0299330000 
7442 0.0302080000 0.0301450000 0.0298460000 0.0299370000 0.0295110000 0.0290340000 0.0312450000 
7492 0.0306760000 0.0301480000 0.0299890000 0.0299700000 0.0298920000 0.0299870000 0.0296090000 
7542 0.0317580000 0.0306510000 0.0301420000 0.0301000000 0.0301500000 0.0300080000 0.0299290000 
7592 0.0294590000 0.0319190000 0.0303590000 0.0302800000 0.0300600000 0.0299710000 0.0300800000 
7642 0.0305110000 0.0294960000 0.0317380000 0.0306050000 0.0302960000 0.0305430000 0.0300380000 
7692 0.0305750000 0.0309630000 0.0297120000 0.0318700000 0.0308030000 0.0305050000 0.0305060000 
7742 0.0307240000 0.0305240000 0.0302720000 0.0316650000 0.0309610000 0.0307080000 0.0308080000 
7792 0.0308760000 0.0305130000 0.0314390000 0.0297380000 0.0317390000 0.0306070000 0.0306420000 
7842 0.0309600000 0.0309280000 0.0304580000 0.0304020000 0.0320610000 0.0305820000 0.0306400000 
7892 0.0311120000 0.0308210000 0.0305990000 0.0305810000 0.0318920000 0.0308210000 0.0307160000 
7942 0.0309640000 0.0311110000 0.0306800000 0.0300060000 0.0318810000 0.0310400000 0.0310000000 
7992 0.0311600000 0.0313860000 0.0304920000 0.0320110000 0.0309980000 0.0308520000 0.0308680000 
8042 0.0311730000 0.0309390000 0.0322210000 0.0310640000 0.0311010000 0.0309090000 0.0310040000 
8092 0.0308600000 0.0323600000 0.0312590000 0.0316820000 0.0311260000 0.0309200000 0.0306970000 
8142 0.0324530000 0.0316960000 0.0311790000 0.0310630000 0.0310840000 0.0309990000 0.0300850000 
8192 0.0329820000 0.0317230000 0.0314060000 0.0313580000 0.0311970000 0.0309660000 0.0325060000 
8242 0.0312650000 0.0310540000 0.0307500000 0.0306720000 0.0303470000 0.0320470000 0.0308910000 
8292 0.0313270000 0.0312190000 0.0308340000 0.0306810000 0.0322100000 0.0312510000 0.0311010000 
8342 0.0314120000 0.0313170000 0.0306740000 0.0323620000 0.0313710000 0.0311100000 0.0313860000 
8392 0.0314520000 0.0313320000 0.0304360000 0.0324190000 0.0320520000 0.0314460000 0.0310880000 
8442 0.0313030000 0.0307220000 0.0323150000 0.0315360000 0.0312410000 0.0310400000 0.0311950000 
8492 0.0304900000 0.0326210000 0.0312990000 0.0313230000 0.0311200000 0.0312950000 0.0310740000 
8542 0.0328420000 0.0316330000 0.0316990000 0.0312990000 0.0310420000 0.0309600000 0.0324630000 
8592 0.0317660000 0.0316270000 0.0312870000 0.0311520000 0.0310400000 0.0327460000 0.0316060000 
8642 0.0318430000 0.0317710000 0.0313350000 0.0310040000 0.0326350000 0.0316050000 0.0318530000 
8692 0.0317590000 0.0315970000 0.0308300000 0.0328600000 0.0317120000 0.0319010000 0.0315170000 
8742 0.0327840000 0.0334230000 0.0319550000 0.0318540000 0.0317430000 0.0316260000 0.0330260000 
8792 0.0325420000 0.0321480000 0.0317690000 0.0318220000 0.0332230000 0.0321390000 0.0320630000 
8842 0.0319710000 0.0318380000 0.0332350000 0.0321880000 0.0319750000 0.0318360000 0.0316580000 
8892 0.0332100000 0.0323730000 0.0320290000 0.0318200000 0.0318590000 0.0332390000 0.0320890000 
8942 0.0322760000 0.0320400000 0.0315340000 0.0328660000 0.0323090000 0.0319230000 0.0319830000 
8992 0.0321940000 0.0335820000 0.0321940000 0.0320510000 0.0321320000 0.0320400000 0.0332620000 
9042 0.0324350000 0.0324480000 0.0319520000 0.0317040000 0.0334700000 0.0321300000 0.0322240000 
9092 0.0322340000 0.0317620000 0.0332610000 0.0323510000 0.0322890000 0.0320640000 0.0318830000 
9142 0.0337220000 0.0327790000 0.0324360000 0.0323050000 0.0321760000 0.0335320000 0.0327560000 
9192 0.0329490000 0.0325370000 0.0316330000 0.0334590000 0.0325920000 0.0323370000 0.0323100000 
9242 0.0320440000 0.0337540000 0.0327160000 0.0325750000 0.0324500000 0.0320320000 0.0335400000 
9292 0.0330140000 0.0327360000 0.0324280000 0.0339320000 0.0326970000 0.0326450000 0.0326960000 
9342 0.0321850000 0.0340490000 0.0328270000 0.0328320000 0.0325480000 0.0324110000 0.0338730000 
9392 0.0330880000 0.0330040000 0.0325140000 0.0337300000 0.0331070000 0.0331120000 0.0325610000 
9442 0.0339600000 0.0331740000 0.0328870000 0.0326820000 0.0321360000 0.0339800000 0.0329970000 
9492 0.0331350000 0.0329580000 0.0337400000 0.0328980000 0.0329320000 0.0328630000 0.0337220000 
9542 0.0334330000 0.0332220000 0.0327140000 0.0341790000 0.0331300000 0.0330450000 0.0330510000 
9592 0.0342900000 0.0334840000 0.0331490000 0.0329450000 0.0341750000 0.0331750000 0.0331200000 
9642 0.0331360000 0.0346290000 0.0332510000 0.0330630000 0.0330530000 0.0340430000 0.0333880000 
9692 0.0335960000 0.0333020000 0.0341740000 0.0335740000 0.0333100000 0.0332400000 0.0341210000 
9742 0.0334850000 0.0335820000 0.0331550000 0.0333550000 0.0334340000 0.0333140000 0.0341860000 
9792 0.0338000000 0.0337090000 0.0329850000 0.0345970000 0.0335470000 0.0353010000 0.0328980000 
9842 0.0347390000 0.0336320000 0.0333110000 0.0332650000 0.0343820000 0.0335750000 0.0333870000 
9892 0.0333260000 0.0347630000 0.0337790000 0.0336660000 0.0332510000 0.0344570000 0.0335510000 
9942 0.0339070000 0.0336240000 0.0344490000 0.0336290000 0.0338390000 0.0333600000 0.0345180000 
9992 0.0341250000 0.0337980000 0.0329800000 0.0347430000 0.0336770000 0.0334860000 0.0332180000 
