100 4950
95 27 48
27 68 38
95 52 84
52 65 26
95 26 14
95 82 61
52 23 65
23 9 96
26 11 72
9 64 71
64 51 61
11 35 96
35 69 47
35 28 100
11 42 40
42 49 22
42 34 26
64 31 11
23 39 22
23 92 26
69 44 64
42 41 19
9 71 69
65 86 13
39 60 61
68 87 98
42 15 34
86 76 70
52 25 64
51 38 58
25 1 98
34 99 26
69 45 74
28 48 68
39 70 22
70 54 85
25 88 33
28 10 57
82 78 87
52 0 46
69 84 8
99 85 27
87 40 10
88 37 31
99 75 92
34 79 18
69 16 43
1 7 72
9 21 84
54 2 66
92 73 98
34 62 90
65 33 21
38 80 44
62 66 41
88 83 89
64 20 46
70 55 54
70 29 4
37 59 63
59 47 11
49 97 45
27 6 43
71 77 84
71 22 28
23 72 70
88 56 95
48 50 38
31 46 79
26 14 30
52 30 66
66 94 56
70 12 2
77 74 13
34 67 25
77 43 43
34 19 100
38 3 9
80 98 83
43 89 57
7 58 91
82 61 20
97 18 9
29 32 21
78 53 39
37 8 87
49 13 98
71 91 53
65 96 91
94 36 51
44 57 8
99 24 5
64 17 26
36 4 3
6 93 17
96 5 88
6 63 37
25 90 61
61 81 29
50 18 39
26 44 28
79 16 17
48 7 28
46 81 89
24 84 67
79 21 31
78 89 59
59 7 80
46 35 28
55 64 83
90 71 22
15 37 4
28 62 69
18 13 37
74 51 58
56 81 52
50 6 11
20 99 4
10 71 70
33 68 41
83 38 25
15 78 4
40 70 56
17 24 92
6 42 4
98 31 37
16 21 11
44 45 17
60 87 21
81 50 49
67 95 67
7 83 77
89 66 74
22 29 20
83 80 53
5 33 26
64 15 4
87 63 26
92 26 15
29 99 79
63 25 9
81 0 49
7 13 38
52 33 62
54 48 28
92 48 84
20 73 12
88 92 39
4 30 100
72 80 77
36 27 24
39 84 35
2 25 9
35 17 59
60 49 19
67 79 76
80 5 39
71 95 14
9 82 8
14 82 49
87 23 44
34 85 85
66 84 66
69 30 72
49 24 51
93 71 65
51 66 62
27 87 86
34 44 1
58 36 17
98 17 51
42 77 45
76 90 76
44 71 87
60 94 14
66 0 85
36 6 65
72 9 62
15 5 80
85 33 8
79 43 70
6 1 80
86 0 14
98 5 6
85 8 71
84 67 22
29 79 31
46 52 9
76 71 53
49 96 31
8 60 83
91 93 94
18 55 9
38 48 39
19 76 69
67 9 9
91 33 68
1 34 29
54 64 8
83 71 31
20 76 42
59 71 2
3 34 37
10 42 5
75 24 71
75 47 82
59 95 71
32 33 13
97 44 17
73 98 68
10 94 50
20 13 5
94 86 67
22 66 88
93 60 13
66 3 19
49 2 74
36 72 15
73 51 41
56 24 91
90 9 29
56 1 6
6 18 69
69 60 37
12 44 57
98 41 35
83 9 53
86 71 87
80 99 46
96 93 16
59 14 95
75 15 67
34 77 16
66 53 84
44 1 51
47 42 77
35 50 35
40 5 54
18 36 56
72 31 30
30 44 86
52 68 1
14 48 81
76 3 19
52 49 17
54 7 26
82 64 27
50 29 21
75 64 26
16 10 91
35 77 11
18 58 95
84 89 63
79 68 85
45 55 64
90 38 18
1 24 3
61 3 60
47 48 74
47 91 16
56 55 41
69 65 87
25 20 11
11 96 40
22 40 51
65 27 27
27 35 27
50 20 93
24 16 17
49 62 49
72 92 68
32 61 24
1 72 61
72 74 60
18 77 78
68 20 8
9 5 84
68 64 40
37 82 47
93 72 51
22 65 20
31 57 84
87 80 83
20 1 99
37 47 51
64 98 62
59 78 84
42 96 82
32 95 66
17 1 45
7 64 22
82 29 20
89 28 15
20 45 64
69 66 23
36 20 36
9 79 35
74 33 92
94 9 56
87 97 97
59 38 44
42 13 58
44 21 54
59 57 71
37 27 80
50 24 36
8 78 37
23 6 88
58 16 12
38 27 88
96 67 39
51 2 4
11 72 58
21 27 34
60 45 17
4 10 61
89 60 2
96 71 87
74 47 73
8 47 68
55 61 4
67 10 81
82 30 93
79 63 73
91 32 89
29 9 89
78 20 76
94 33 72
53 57 91
0 16 96
13 75 15
12 51 24
60 73 86
39 68 13
0 42 26
81 82 52
88 66 80
66 44 21
51 78 50
12 25 48
30 87 42
58 2 73
95 33 58
54 14 59
98 40 21
21 72 57
79 27 69
31 34 73
67 22 67
96 82 96
36 81 76
53 27 98
89 97 59
79 64 78
14 38 65
72 40 38
46 50 26
39 61 10
33 13 47
20 67 13
59 35 40
58 95 4
17 99 29
80 18 67
9 12 68
38 97 85
88 4 86
6 62 10
61 51 93
36 49 53
9 78 48
7 16 75
32 58 6
52 28 56
1 73 38
12 85 5
59 82 86
98 82 50
6 68 85
48 0 85
58 31 81
56 67 82
73 74 96
89 12 41
32 42 92
21 43 45
31 12 74
49 88 27
13 85 17
58 43 84
59 1 21
32 22 65
36 80 86
16 65 12
2 77 10
42 71 28
23 32 56
43 91 49
52 71 63
69 79 100
83 51 35
7 86 61
57 13 47
21 52 92
19 98 70
3 81 26
20 69 63
86 40 12
0 62 71
84 79 81
88 90 86
7 67 1
69 81 53
29 33 17
27 32 34
96 28 11
19 75 1
55 32 20
80 14 37
20 46 51
60 65 7
74 24 77
29 5 38
25 50 98
82 85 39
73 40 68
65 4 10
80 75 25
2 85 40
4 48 71
71 61 10
68 66 28
79 3 5
71 29 81
73 91 23
2 55 27
30 85 96
22 97 49
95 98 42
12 19 13
11 85 52
2 44 93
19 6 35
27 78 57
19 71 91
57 7 88
23 12 55
93 82 63
94 53 4
52 88 17
21 0 35
67 42 33
43 9 15
31 20 51
47 97 64
51 49 85
22 64 8
82 55 22
32 97 17
32 59 48
42 12 63
91 35 12
97 14 17
98 61 18
2 90 98
35 37 79
92 89 18
18 60 54
5 67 56
55 30 27
57 90 24
77 82 68
21 89 12
14 0 73
62 88 85
67 59 21
3 32 31
2 17 33
52 10 34
78 87 84
38 2 52
21 31 2
21 2 63
98 86 39
29 21 56
66 71 86
25 97 88
71 5 7
5 8 76
41 34 92
98 94 34
18 72 29
89 74 40
93 39 12
58 4 57
35 42 18
83 94 8
28 65 46
10 46 45
2 18 26
48 63 8
24 55 91
44 18 1
88 61 30
43 46 56
55 86 62
6 40 60
74 83 33
74 80 76
50 45 56
47 78 76
5 61 97
93 65 96
88 51 42
67 14 96
70 77 30
46 65 71
34 89 13
8 18 51
25 23 60
44 39 93
96 17 2
79 51 9
49 73 42
73 11 78
2 13 59
54 23 100
24 57 11
51 81 1
11 41 12
34 6 68
12 87 14
90 46 85
64 87 76
21 98 70
12 32 92
99 12 5
75 49 88
47 33 79
81 6 43
52 72 60
32 53 13
74 30 27
97 59 2
49 77 32
34 96 4
96 24 52
27 86 10
14 5 11
33 98 13
98 72 6
23 76 24
65 55 71
90 52 50
40 21 19
32 93 95
11 34 69
54 84 71
20 97 35
31 3 63
15 12 74
7 38 42
93 59 48
78 44 96
25 18 66
9 46 42
74 67 79
90 75 56
77 78 90
66 19 65
16 98 70
67 86 19
24 3 33
19 99 41
12 82 10
41 71 73
17 32 63
32 48 88
32 72 27
12 48 2
18 68 73
66 18 53
27 24 52
36 48 89
98 93 4
91 49 49
66 67 36
81 13 80
55 68 83
3 33 80
4 82 16
33 56 93
25 55 72
22 1 14
47 58 94
18 1 34
48 1 77
86 11 11
52 70 64
97 80 93
16 5 46
51 56 22
85 31 11
49 66 20
20 65 69
70 89 81
33 73 82
74 13 51
9 0 74
12 5 25
59 2 9
58 88 8
66 83 30
24 85 81
79 76 99
28 42 26
97 96 93
2 28 77
50 22 5
6 52 15
49 64 67
10 8 49
40 0 16
63 71 75
4 41 61
63 28 49
48 26 83
7 55 57
85 44 57
77 14 23
13 92 25
74 5 74
31 19 91
6 84 47
67 99 41
50 43 98
62 84 46
75 33 28
12 73 9
72 43 88
26 75 82
55 92 96
39 58 16
25 98 48
69 78 61
11 7 34
83 95 86
80 52 72
50 44 10
41 36 33
41 26 32
91 72 9
62 81 48
19 81 9
27 72 45
85 16 13
97 17 20
14 47 3
64 73 62
53 98 16
78 70 24
98 29 64
20 33 64
84 21 19
2 36 11
92 93 13
70 33 22
81 68 94
34 0 49
25 46 31
75 14 1
3 63 88
68 71 70
16 78 76
70 81 48
88 38 66
62 15 77
41 89 17
6 99 12
58 9 40
61 80 96
25 5 58
50 7 92
96 35 91
88 47 6
8 92 53
8 14 8
24 86 99
35 15 16
52 50 13
7 97 87
25 73 74
21 54 62
83 19 76
7 62 43
28 81 40
29 37 16
22 0 85
90 36 77
8 49 58
4 57 90
68 0 48
92 57 16
29 8 1
1 33 77
9 25 56
87 88 35
81 30 69
54 85 25
96 58 11
64 63 22
44 31 75
24 98 48
72 6 30
99 45 71
65 19 18
31 1 13
93 66 36
87 98 64
46 53 4
61 47 7
21 68 29
11 92 58
12 33 78
85 80 79
0 13 99
8 59 42
23 93 87
5 89 70
58 51 7
56 38 69
57 51 7
34 74 51
92 17 41
64 96 98
8 7 84
28 98 4
0 30 15
58 17 50
94 92 51
32 10 74
56 32 56
74 41 52
85 92 63
57 30 19
53 80 55
28 80 80
31 6 6
69 48 87
47 60 63
10 31 82
43 25 2
13 12 23
35 90 32
19 13 95
33 79 21
54 67 38
45 21 25
7 43 30
7 73 39
26 71 1
86 34 56
16 87 6
15 48 26
61 0 30
25 10 41
34 28 22
84 43 4
30 95 72
26 94 39
79 39 82
29 60 87
50 82 17
19 33 2
25 64 61
19 22 24
5 70 44
7 82 3
11 79 87
25 86 43
87 48 71
28 57 17
91 85 29
19 21 76
98 50 5
97 61 44
7 31 76
44 27 7
90 1 57
22 35 49
33 78 72
90 31 88
78 72 49
5 41 13
86 36 25
58 69 33
44 83 58
73 4 43
38 99 1
76 77 40
36 45 8
50 17 36
28 95 96
17 26 77
0 32 64
14 99 34
3 1 17
3 89 79
63 36 47
95 62 73
69 89 30
96 92 36
11 2 51
58 15 51
2 78 50
62 54 25
30 83 44
95 18 32
66 74 2
57 20 11
65 66 12
82 58 74
36 75 53
35 73 69
52 73 47
77 40 16
39 53 55
12 11 17
3 75 40
19 72 68
72 96 37
32 70 7
67 87 46
46 24 53
5 77 74
85 75 89
24 90 3
20 12 34
7 28 14
36 66 28
22 45 97
93 77 94
39 91 99
19 85 98
88 81 12
55 5 33
30 51 67
88 2 69
10 49 67
82 74 60
6 91 59
55 81 13
42 14 18
3 93 23
37 25 24
88 78 51
85 17 46
39 87 97
8 86 91
33 18 74
15 86 52
81 78 88
84 52 23
16 22 20
9 30 99
35 83 86
29 49 47
10 73 74
46 58 89
50 34 94
6 57 29
59 52 32
14 74 80
42 94 86
76 81 86
73 80 57
0 94 92
34 40 81
31 86 9
33 15 89
46 47 1
33 6 71
9 37 33
21 50 16
0 33 46
23 94 39
62 67 4
7 19 78
65 62 11
13 60 67
8 95 63
14 73 98
27 46 24
14 84 84
47 21 31
19 78 23
66 64 78
75 84 26
10 48 10
49 92 57
58 10 9
85 67 29
15 99 99
97 78 89
54 52 56
92 86 8
15 44 18
21 30 7
49 68 65
82 26 60
86 73 84
69 68 95
80 93 83
0 92 38
27 16 58
57 73 19
60 81 41
86 90 18
1 70 34
77 47 75
5 72 74
55 52 44
98 20 28
27 80 92
65 29 52
41 35 71
36 23 53
20 2 32
86 48 98
69 46 72
73 59 49
69 74 20
94 99 58
43 37 24
87 47 85
49 84 77
94 74 93
48 65 48
25 89 88
68 2 87
59 26 70
15 34 70
71 45 39
89 71 70
84 98 12
8 69 85
35 60 62
5 39 42
34 81 39
95 68 55
68 96 60
76 96 58
49 47 69
1 91 54
44 37 64
68 47 70
75 70 60
81 17 7
97 54 27
6 0 53
85 94 46
58 99 97
86 32 49
24 81 14
45 2 5
64 13 71
41 27 84
82 56 19
78 37 48
56 83 13
95 25 59
25 87 93
40 15 53
52 39 44
81 97 96
26 6 3
83 91 6
92 44 74
2 83 34
48 52 9
83 32 94
74 26 90
6 15 62
36 15 48
28 11 7
53 92 70
7 23 42
69 38 35
56 8 100
66 16 89
8 51 11
90 8 26
85 62 99
90 39 86
99 77 39
72 61 14
37 83 20
41 17 16
22 99 50
83 43 43
4 68 96
24 89 64
35 86 56
33 54 73
13 67 61
4 9 69
12 65 21
43 48 14
34 12 84
18 28 37
57 26 83
79 52 56
15 41 55
68 85 65
8 16 2
63 66 47
67 12 72
21 55 54
91 9 93
46 1 41
42 60 53
29 38 32
78 64 5
27 20 94
61 26 56
14 51 85
3 25 79
54 10 43
96 73 20
23 49 51
39 75 85
21 17 43
87 19 59
65 5 78
70 10 97
99 79 39
53 3 95
87 24 55
50 83 77
79 93 28
91 76 59
20 83 19
37 86 36
51 3 66
89 53 48
91 11 77
93 11 68
89 52 7
57 12 80
46 30 50
68 77 15
62 9 72
53 10 57
88 91 100
2 60 54
71 81 4
81 49 54
98 49 37
59 46 49
36 88 19
18 48 21
89 90 18
60 12 25
45 91 66
89 45 89
39 97 42
74 49 66
22 57 30
36 79 95
20 24 53
71 1 90
49 28 52
29 36 20
73 56 100
45 87 24
26 99 12
44 59 90
79 1 33
86 81 6
48 31 21
12 4 20
49 87 57
33 71 82
41 68 55
12 81 95
51 37 25
55 31 79
83 78 75
0 17 76
97 31 67
10 47 3
56 53 10
32 84 49
22 4 84
61 42 51
10 0 81
85 71 76
67 17 78
50 28 9
48 99 62
44 99 87
37 90 45
21 78 51
22 15 41
38 95 76
94 37 72
27 64 44
66 8 82
86 47 44
12 93 27
9 14 21
77 60 37
93 25 9
79 83 52
40 25 51
0 35 11
43 30 66
36 46 34
67 27 81
45 4 66
70 7 59
31 5 18
68 48 87
31 91 32
53 44 14
82 46 68
37 98 88
28 53 31
58 91 98
42 90 100
51 52 72
28 73 43
16 38 39
3 57 55
61 16 21
92 41 10
26 54 34
16 40 2
50 37 63
91 51 66
9 68 83
43 3 76
10 20 24
38 28 54
6 80 84
45 70 43
29 73 75
86 95 16
52 35 61
75 22 55
38 85 14
54 50 10
54 0 16
74 15 71
93 89 89
75 45 21
41 90 41
65 3 4
27 83 57
5 57 37
94 75 13
23 71 12
44 33 7
77 17 76
13 54 84
45 79 30
59 25 31
53 29 64
60 80 10
64 90 47
3 36 57
11 31 78
22 36 99
39 50 45
79 86 64
92 4 5
87 5 14
73 77 82
53 33 71
16 59 10
28 99 97
45 35 12
17 3 64
36 69 37
39 46 85
49 90 76
27 23 96
16 19 31
15 2 42
78 10 77
55 26 61
20 75 56
97 43 40
19 35 78
74 0 79
8 87 29
51 72 26
78 32 82
3 10 82
4 39 99
3 69 87
31 23 40
38 65 68
32 34 5
77 25 99
77 23 24
9 80 11
27 57 34
92 32 22
38 37 61
6 30 2
59 85 53
42 9 13
98 48 85
81 1 25
12 92 75
45 40 8
37 40 73
21 83 22
74 93 83
14 27 23
97 92 48
73 81 23
96 87 29
74 48 64
63 23 82
79 62 72
56 71 43
9 15 40
24 15 34
50 85 22
49 99 92
31 76 48
63 10 19
35 38 11
54 12 90
56 49 22
39 78 7
8 64 96
5 81 95
1 30 100
55 14 86
35 67 59
80 34 58
87 38 13
84 91 7
20 58 31
97 23 3
93 28 54
93 49 57
31 87 62
58 62 10
66 79 8
65 85 11
33 69 76
26 72 60
22 18 52
4 63 96
50 58 23
62 3 59
67 69 24
60 51 22
2 56 64
42 4 89
81 57 90
26 76 54
2 74 25
2 66 39
11 47 56
9 10 32
75 50 59
16 18 68
4 62 48
52 4 79
32 68 61
84 46 9
64 97 61
21 23 26
77 91 59
63 14 71
66 25 3
3 97 2
81 92 85
43 35 75
94 91 76
60 95 40
13 45 9
9 26 71
19 26 45
22 60 98
34 37 32
99 37 77
13 82 10
42 70 23
10 29 67
87 41 71
88 43 47
5 18 76
57 0 55
6 35 55
94 16 63
3 12 54
33 48 14
81 91 81
23 2 65
4 71 16
44 25 34
31 65 44
71 87 95
38 89 9
46 73 38
31 40 26
31 62 51
13 21 91
76 49 31
61 17 83
87 51 17
53 2 6
52 86 16
77 51 81
37 46 65
17 14 8
71 14 65
38 17 94
65 53 63
44 54 98
56 37 70
56 79 59
70 67 30
85 98 79
84 0 48
76 57 88
9 66 94
91 63 66
33 42 97
25 39 7
96 38 83
91 66 85
72 90 49
45 81 23
95 10 55
40 50 98
73 93 76
27 49 75
10 55 99
25 76 70
4 20 57
13 87 10
5 17 56
78 66 96
3 13 50
87 6 55
7 74 11
90 55 57
58 40 71
59 70 13
63 94 100
39 67 21
7 51 82
40 52 36
1 65 63
92 52 74
93 2 1
53 82 22
27 88 29
17 70 79
73 99 80
26 51 47
3 74 85
92 33 72
58 29 10
1 78 91
97 67 85
50 36 65
13 11 1
52 67 29
9 61 37
36 84 65
72 50 43
82 44 87
90 13 32
1 26 40
26 37 40
99 2 54
14 32 60
58 89 93
70 65 41
90 48 11
16 55 93
11 61 73
11 50 53
99 98 10
77 10 15
63 75 38
45 93 98
73 75 49
92 64 89
11 10 1
83 60 14
0 90 7
52 22 30
40 35 12
59 22 48
31 95 19
48 41 56
21 91 10
38 68 9
21 6 16
75 51 67
25 14 71
7 84 26
80 29 20
61 46 18
66 1 14
78 22 64
3 60 94
42 83 16
57 2 30
70 50 54
4 27 44
45 48 46
10 57 88
65 61 12
39 48 65
63 59 4
56 15 74
34 9 29
79 20 70
26 22 53
43 0 69
12 94 26
10 56 31
48 42 66
9 52 64
47 5 69
31 4 82
36 19 26
84 55 14
99 11 44
45 59 4
33 57 36
6 83 94
19 64 59
58 97 64
75 58 18
83 57 30
48 40 86
72 55 21
55 50 65
79 94 29
93 99 57
91 46 19
88 20 41
93 16 7
35 56 7
38 92 8
54 88 36
39 14 47
18 20 56
81 10 77
22 47 18
72 84 94
93 51 76
85 10 37
54 4 98
83 55 48
12 28 87
10 98 86
56 22 60
92 66 3
20 84 57
65 24 42
4 96 89
29 4 15
60 5 79
17 69 59
42 23 35
89 48 91
73 19 47
6 48 31
97 93 95
10 2 83
60 14 61
72 8 13
58 81 70
20 28 42
48 23 90
75 69 3
30 3 50
21 8 62
56 94 71
45 43 72
95 19 79
91 80 74
63 98 54
18 90 34
38 78 83
17 91 87
79 74 86
53 70 91
13 56 66
72 94 11
74 1 70
33 35 7
62 57 55
14 45 61
50 56 12
78 48 47
44 42 46
76 2 66
83 96 88
58 19 92
81 54 99
46 8 10
95 66 41
32 98 26
58 42 72
45 97 72
18 70 94
55 99 60
87 1 67
40 29 15
25 91 65
67 98 37
13 88 82
58 35 82
37 4 81
80 19 85
18 99 94
23 11 64
15 52 9
47 7 26
46 41 67
77 86 55
13 84 2
6 64 49
34 25 91
46 54 80
77 56 65
59 20 31
42 95 16
0 44 9
96 84 48
25 22 2
98 13 89
35 2 73
29 91 60
10 50 94
99 62 82
70 34 66
23 56 50
72 70 76
3 42 54
72 69 15
95 45 5
87 99 45
14 62 36
54 91 52
95 6 90
17 66 23
30 47 60
89 87 75
58 80 42
39 42 90
82 94 77
50 51 95
79 72 10
84 31 45
23 75 66
53 95 65
0 38 59
82 65 18
85 97 45
26 45 53
94 50 96
88 99 2
59 77 2
43 61 3
90 21 53
86 68 34
69 34 37
20 81 98
19 94 59
18 74 31
97 82 88
56 58 97
60 19 7
91 20 67
14 49 96
69 95 2
65 47 69
59 98 49
47 4 77
5 44 56
82 41 2
66 81 67
43 22 5
37 89 58
40 33 66
0 47 76
78 29 36
49 17 88
10 36 71
93 37 15
43 67 11
79 59 94
36 82 65
20 35 57
11 40 39
38 66 28
8 71 6
28 88 88
42 88 1
43 63 97
63 51 66
20 3 6
88 35 85
93 88 72
74 87 49
28 4 45
55 59 29
36 97 63
51 71 28
68 65 7
26 62 55
68 63 44
89 4 35
15 29 55
66 73 86
84 81 86
94 38 22
71 50 68
52 77 22
25 41 10
46 26 89
52 24 73
8 36 91
10 80 96
44 49 82
43 54 75
10 14 16
90 30 59
57 77 25
38 52 17
22 63 22
45 63 12
3 90 57
36 87 10
96 53 12
25 56 7
39 88 41
55 80 26
77 32 38
9 55 35
3 18 17
59 31 75
47 96 77
92 35 40
66 76 13
9 11 56
61 7 51
22 48 59
83 13 58
24 51 91
11 82 13
82 72 74
80 11 79
92 24 23
49 67 81
53 93 53
78 99 16
9 59 42
91 67 58
85 72 60
36 85 17
63 90 64
80 13 36
97 16 75
26 67 50
74 85 62
53 75 12
97 91 5
76 4 51
28 19 50
27 91 27
76 8 68
31 33 37
43 31 62
28 79 67
18 38 81
21 80 63
43 65 61
25 92 5
38 43 19
40 41 92
47 94 23
80 69 93
14 7 8
48 51 50
90 47 61
55 38 79
73 43 76
62 1 91
84 26 14
63 30 93
80 47 88
52 12 54
74 40 23
67 29 1
58 79 9
18 73 79
70 87 8
27 34 74
74 23 14
85 89 44
7 42 18
43 99 46
41 83 53
64 18 10
33 88 3
61 85 6
40 7 93
84 30 26
46 66 2
37 22 84
40 12 8
73 79 95
27 12 42
17 52 36
26 3 63
34 95 93
57 23 38
11 83 61
47 26 7
32 85 45
68 84 66
73 42 72
0 77 4
54 31 36
99 54 66
17 72 31
84 29 94
45 42 49
9 7 97
4 24 58
81 89 84
16 92 97
62 89 86
65 0 11
84 90 53
82 25 43
42 19 95
43 71 7
24 37 32
73 0 50
90 22 10
32 89 64
96 41 41
56 80 57
9 31 16
56 57 51
0 29 82
89 86 7
24 88 53
60 57 53
62 30 3
18 75 68
1 57 98
69 87 32
60 79 44
29 35 62
4 60 71
30 29 84
50 14 57
43 68 41
87 34 24
22 41 12
56 69 99
93 4 40
37 48 2
25 57 98
31 14 30
20 54 67
1 29 93
39 89 45
17 60 67
0 75 100
48 79 96
4 19 17
1 55 81
68 58 92
64 42 39
69 73 24
69 88 32
45 62 78
46 40 26
97 79 15
86 1 11
66 48 43
41 85 42
36 93 33
26 56 26
35 25 23
18 63 52
75 32 68
50 62 11
94 71 77
94 17 84
39 1 14
36 95 27
58 61 7
7 15 47
22 68 16
83 22 47
15 83 44
40 82 64
5 34 1
15 16 89
88 5 93
6 8 62
78 18 37
98 4 28
29 27 26
42 53 33
53 13 39
33 77 53
0 50 81
15 54 67
42 30 70
5 0 1
68 24 12
0 18 65
76 48 71
99 16 11
93 19 2
28 83 48
19 1 96
30 98 93
68 28 23
24 53 26
69 27 41
29 46 56
62 11 62
43 8 25
43 62 12
64 1 42
16 71 3
65 30 68
5 37 28
47 25 2
94 7 81
31 50 100
6 61 33
29 68 4
27 56 14
49 94 70
43 47 49
21 59 92
19 3 87
70 31 16
35 72 12
49 38 62
6 70 92
87 9 42
99 76 11
87 28 49
62 61 21
44 55 52
35 97 98
1 11 48
79 38 22
34 46 2
34 58 11
27 19 38
97 28 84
17 84 18
56 60 94
40 43 89
60 53 74
50 97 22
53 14 41
37 53 68
48 95 17
92 90 1
35 16 20
0 76 88
85 77 55
72 76 41
50 77 60
77 72 43
5 36 46
13 71 24
40 99 45
54 95 3
30 79 81
92 91 4
21 33 66
14 16 25
74 16 3
5 85 96
89 0 93
53 81 21
46 38 11
44 32 69
5 62 27
14 41 75
87 58 4
24 73 18
50 1 20
22 33 37
77 88 89
84 37 79
69 40 83
95 78 8
31 22 81
47 40 85
38 98 86
36 89 21
54 27 89
95 87 84
47 82 84
71 69 11
48 30 11
61 2 44
56 16 52
67 77 35
5 4 20
86 74 59
44 70 14
23 84 3
92 87 61
59 0 35
15 59 11
55 76 44
11 87 6
9 39 56
28 41 97
16 63 29
31 36 47
52 26 70
94 4 46
22 53 64
91 4 38
99 0 79
71 74 45
4 97 59
72 88 86
7 37 39
42 69 25
84 11 25
72 57 60
24 77 34
47 45 100
9 28 53
51 10 19
8 17 84
31 81 95
79 10 19
85 64 60
46 32 57
3 5 80
80 66 60
76 53 78
34 14 55
81 63 14
20 43 65
3 16 53
96 52 67
61 83 36
70 99 48
48 70 71
78 45 99
81 52 95
30 93 50
53 86 64
49 16 57
84 5 88
81 35 56
2 41 6
79 35 77
44 93 93
91 3 17
18 40 72
78 17 23
1 41 21
81 27 13
38 76 37
52 41 54
31 27 62
14 44 70
82 1 57
66 55 27
75 48 94
36 11 24
48 82 50
38 6 74
14 83 84
55 57 21
49 31 57
76 29 7
67 60 27
43 69 33
88 98 37
72 37 35
46 76 23
99 97 67
41 8 86
5 66 71
30 14 35
8 83 31
13 77 45
4 86 95
50 30 70
54 38 71
17 23 99
80 70 5
54 1 61
15 1 28
91 87 11
60 37 85
90 10 23
0 46 4
40 28 42
67 19 42
36 60 17
66 77 43
80 40 2
99 72 66
64 32 30
38 61 15
49 61 9
27 2 23
13 99 59
27 70 56
97 77 91
24 12 28
37 54 12
41 94 89
64 36 67
32 30 38
13 24 69
68 70 19
1 43 21
94 8 61
92 31 24
45 10 40
89 9 97
73 5 40
60 50 81
57 86 25
74 32 27
35 3 41
54 57 85
55 54 28
90 45 81
59 34 84
86 14 30
90 85 85
56 5 70
81 29 91
50 8 11
19 89 7
85 6 42
43 49 83
46 42 14
96 23 73
29 61 75
68 56 1
1 32 23
54 61 14
81 8 48
87 84 83
35 31 97
46 77 15
99 90 48
71 17 48
65 37 47
74 68 1
90 4 65
27 40 9
88 21 39
39 66 19
47 62 14
94 34 61
68 35 3
19 25 38
55 91 72
23 24 66
49 48 37
74 59 76
86 43 23
56 44 3
94 31 86
23 41 47
80 15 94
98 57 90
17 55 28
31 16 43
88 67 15
10 39 100
20 89 81
35 4 16
87 61 42
94 89 72
70 3 65
17 40 23
31 39 2
49 18 65
54 75 90
88 3 6
25 85 98
31 52 36
67 78 81
13 5 85
41 64 96
17 22 63
36 14 66
30 12 63
58 86 98
52 8 45
88 22 62
62 56 91
75 7 8
98 42 29
17 28 51
2 26 16
9 69 3
20 8 68
40 88 14
27 73 42
56 28 72
30 26 38
52 43 72
63 86 91
16 29 43
62 8 89
23 51 67
58 94 80
94 62 80
33 39 45
7 60 79
30 97 24
32 79 24
17 57 32
19 61 54
24 18 32
59 51 73
38 50 47
27 77 77
75 93 15
3 44 40
98 74 92
7 98 49
29 34 44
28 66 9
19 49 88
93 7 27
84 83 87
22 74 66
44 47 18
84 82 7
84 34 18
86 18 31
68 92 86
36 77 87
6 5 27
41 21 9
3 22 51
35 98 61
3 4 5
48 27 59
84 44 22
32 38 58
42 99 35
76 15 25
65 51 21
68 57 81
16 11 20
93 1 62
16 23 13
24 69 38
67 4 67
67 48 23
44 86 16
6 75 32
57 36 2
86 91 77
6 45 22
95 99 87
75 62 22
96 77 28
2 50 41
71 64 82
10 15 57
59 75 64
3 55 64
10 83 88
51 22 50
98 51 41
4 38 70
39 24 15
81 74 25
42 16 46
93 62 16
53 12 60
87 0 39
21 38 87
75 37 6
14 90 57
58 28 12
21 10 31
54 41 26
75 97 83
32 31 7
45 84 38
5 21 71
56 47 38
87 43 31
4 49 82
79 40 76
43 10 32
51 45 39
81 59 1
41 38 87
73 36 34
84 61 24
66 31 44
95 72 20
70 28 45
21 51 67
72 56 70
32 8 39
3 27 100
83 12 33
44 40 71
77 65 68
66 29 29
93 9 14
25 28 54
13 31 55
45 76 68
39 54 21
73 31 75
45 1 61
80 67 48
50 65 6
92 69 50
63 69 31
0 95 12
45 25 69
56 43 71
7 88 4
54 18 95
0 12 56
30 38 44
52 76 90
80 20 86
95 77 97
32 80 79
27 59 75
42 84 18
65 83 86
57 16 69
43 14 69
55 13 83
23 82 32
15 72 43
90 34 57
96 6 53
20 7 26
75 30 30
42 92 11
31 71 2
65 57 60
57 66 57
41 56 40
19 41 31
9 96 32
24 11 11
21 67 94
35 54 98
70 58 49
55 51 54
45 28 93
84 71 4
96 95 18
49 78 79
45 58 15
62 32 15
97 19 80
81 67 40
97 34 69
25 53 14
78 93 17
5 46 33
35 53 54
69 13 43
24 8 76
96 62 19
56 11 16
31 29 61
55 35 26
89 83 3
10 65 91
46 97 6
52 97 66
93 26 31
96 10 23
94 78 27
84 1 37
12 95 18
74 11 73
19 63 90
81 79 83
45 11 26
89 42 98
80 30 73
85 42 11
4 61 68
65 73 29
58 5 49
55 85 67
93 69 9
86 16 66
18 17 14
63 95 54
84 9 56
22 49 58
34 8 29
45 66 74
59 80 22
25 75 54
92 75 14
81 47 74
54 59 14
22 27 92
92 6 38
85 58 95
69 7 66
37 96 10
60 68 76
86 62 60
96 43 32
15 8 98
94 65 75
34 76 19
85 0 55
12 26 30
60 55 73
15 51 37
62 63 35
47 66 7
3 40 83
22 28 29
3 92 94
14 92 65
88 97 89
37 11 10
41 43 84
3 68 62
21 94 47
70 30 20
49 58 94
96 2 77
62 51 8
34 56 53
41 29 48
94 39 15
37 61 95
79 14 6
56 74 74
82 27 23
83 93 19
51 92 78
80 64 61
77 37 39
97 42 4
92 39 58
61 76 67
88 75 14
80 79 76
53 58 29
6 46 17
13 29 56
52 29 15
29 89 53
60 9 87
47 72 82
95 17 73
37 63 35
15 84 100
38 12 18
70 71 43
26 66 92
28 39 59
54 28 51
69 96 86
96 21 43
82 35 28
96 85 45
70 62 29
67 38 25
94 40 99
65 95 79
67 31 12
41 57 87
55 37 88
69 83 66
76 27 61
5 28 72
60 21 75
60 46 99
93 56 67
33 55 86
75 46 27
33 25 32
21 7 16
34 23 5
55 77 96
53 43 97
60 11 42
78 3 48
87 50 91
13 35 41
13 73 34
66 43 71
99 60 20
18 12 84
34 55 25
16 17 57
53 38 82
48 8 53
54 30 28
84 99 21
55 93 97
12 6 28
23 47 19
50 12 7
4 21 26
67 8 9
43 78 77
47 19 82
78 56 58
20 96 44
15 71 22
32 9 44
28 16 24
42 51 30
75 95 68
28 85 97
84 25 4
79 49 66
38 15 77
3 95 37
59 12 65
18 46 100
6 55 19
60 66 79
17 83 8
77 61 93
99 69 34
30 35 85
45 83 85
18 9 50
91 22 38
90 51 28
14 87 76
91 60 99
48 56 79
29 39 46
12 36 38
6 69 64
18 7 14
45 24 71
22 54 60
49 25 33
93 94 79
71 48 3
42 79 15
27 11 77
75 21 62
71 78 86
32 21 97
29 26 56
2 42 43
21 93 75
40 84 79
48 16 96
7 0 67
54 96 16
33 30 78
66 34 59
90 43 17
58 26 23
47 71 98
25 69 1
79 71 46
73 23 55
49 72 71
57 38 66
57 95 56
7 71 79
53 45 80
62 38 25
78 98 60
33 62 57
36 42 38
6 67 69
87 56 62
94 67 100
20 85 39
23 50 3
81 94 28
83 5 5
74 90 53
46 28 23
82 17 69
88 46 71
7 35 99
29 23 56
41 88 88
60 48 43
94 27 20
68 8 87
88 64 17
52 13 87
6 79 26
81 9 56
63 27 78
82 57 35
21 15 76
92 46 44
27 99 77
67 32 30
11 75 12
80 16 15
87 82 38
34 63 20
33 58 15
71 32 86
61 79 94
36 99 51
88 6 77
10 93 90
18 45 39
56 18 59
75 8 10
40 57 16
83 98 21
21 18 61
50 16 73
11 22 76
11 77 41
97 40 81
21 1 76
63 24 10
86 29 1
26 78 100
62 53 81
18 67 17
41 86 46
62 17 98
51 36 28
99 68 59
25 60 45
90 96 10
71 30 71
77 45 64
2 9 77
30 22 71
45 0 78
93 47 40
76 82 88
15 0 14
77 39 65
98 6 37
80 22 63
78 50 20
0 37 81
55 4 93
75 27 98
83 62 94
49 46 50
28 23 81
28 86 2
60 10 84
8 33 43
88 31 74
64 3 58
54 42 56
73 3 87
3 80 92
69 26 6
68 50 13
39 72 65
15 13 41
21 70 45
50 41 13
65 2 67
21 73 19
53 4 63
8 79 29
8 73 30
44 89 52
60 31 76
58 0 4
5 11 79
16 47 64
7 25 22
37 79 16
15 93 9
21 14 11
55 89 24
83 75 38
47 18 90
98 0 12
77 62 52
19 24 58
61 45 46
96 57 6
76 88 18
65 41 23
51 40 48
55 22 55
17 30 65
68 75 42
4 46 5
16 2 39
15 90 95
2 72 15
58 84 26
62 60 52
68 13 88
90 78 15
66 23 37
0 69 69
19 20 70
21 64 76
78 91 25
95 49 61
41 30 19
10 97 94
89 77 37
62 78 65
69 49 37
36 52 89
23 55 68
16 60 58
76 58 30
32 16 7
42 76 97
40 75 38
61 30 60
64 58 65
94 54 15
31 53 79
45 31 86
59 84 77
94 80 62
80 63 76
11 17 50
44 28 97
99 63 99
86 9 10
66 15 2
87 52 56
52 14 28
66 33 37
68 54 45
36 98 25
80 62 85
33 64 69
56 14 72
79 53 20
48 21 27
96 16 11
20 5 9
65 56 51
11 21 69
5 7 98
39 32 70
17 74 70
55 88 47
26 98 84
5 64 31
11 66 33
19 18 9
64 57 93
37 3 61
53 88 60
26 70 84
4 99 79
5 63 3
92 98 37
41 81 31
33 67 42
64 83 95
14 91 72
79 77 77
78 80 29
72 65 51
44 94 89
56 86 88
86 17 39
7 79 79
17 37 89
99 52 79
33 99 97
68 76 95
52 53 51
56 61 74
12 16 29
63 54 41
5 91 5
89 47 8
38 42 16
73 9 94
90 62 82
74 99 48
60 92 86
55 67 20
8 77 87
76 87 87
50 96 82
60 86 96
95 21 100
75 2 89
8 31 1
46 80 11
65 64 3
77 12 7
86 23 37
64 12 41
32 94 17
2 87 25
6 65 61
9 13 5
19 92 7
15 87 18
51 41 91
65 18 41
0 55 47
74 58 56
58 48 84
68 15 11
27 89 76
64 59 23
35 57 5
85 56 92
70 98 60
97 55 31
85 73 59
16 70 20
72 33 88
24 54 3
42 37 42
92 99 84
69 76 60
64 16 96
33 14 15
21 36 52
97 24 51
15 11 6
72 22 1
74 39 35
23 91 31
43 93 27
99 66 88
16 72 11
27 84 62
15 31 83
64 43 85
22 14 2
61 94 18
67 64 28
85 22 43
55 58 34
44 4 37
90 87 49
27 85 22
9 38 74
33 89 14
8 58 2
13 30 66
72 87 57
35 61 51
96 88 14
33 76 16
89 23 53
64 24 95
26 38 7
76 36 70
13 27 65
88 63 84
96 31 67
95 1 48
51 6 63
38 86 55
81 32 78
24 2 91
56 98 89
76 73 94
1 75 90
5 19 10
22 24 39
63 93 47
34 22 19
38 33 42
95 9 43
4 23 4
73 70 87
79 12 98
47 29 89
29 96 28
79 75 40
20 14 61
68 25 65
3 46 4
80 23 22
31 69 57
64 38 65
28 55 23
3 82 84
74 9 7
93 42 22
15 82 30
95 61 59
35 10 61
15 92 17
50 33 82
75 89 5
88 18 89
84 77 13
30 31 7
97 73 58
6 10 90
11 29 98
73 87 82
25 17 94
43 11 59
35 23 26
30 37 64
52 83 54
29 18 98
66 10 49
47 50 75
94 35 33
64 61 56
21 62 39
35 8 96
8 89 22
14 68 17
40 91 40
27 42 70
78 0 49
25 81 68
22 69 87
95 64 95
91 18 69
89 2 86
33 82 96
72 20 18
15 45 43
26 68 57
0 31 26
22 44 53
5 90 89
25 74 47
59 87 17
21 42 16
5 97 49
84 78 24
90 73 15
0 67 77
53 23 21
36 0 29
40 10 78
98 75 80
23 20 61
60 97 92
23 69 35
35 39 55
23 65 97
92 22 62
42 50 57
71 67 5
74 50 39
36 35 11
89 22 17
85 63 64
33 2 82
50 4 5
26 33 60
83 4 26
15 73 69
27 97 69
36 59 45
47 64 69
66 32 66
18 30 47
28 43 15
30 2 71
3 59 69
71 72 47
67 15 40
80 26 81
2 12 18
4 78 92
65 81 38
67 68 38
71 38 58
19 30 11
38 63 87
40 42 1
48 35 27
79 92 66
39 85 79
61 67 62
29 3 29
44 76 46
46 85 92
37 69 84
81 93 82
93 54 29
77 48 99
13 89 26
84 56 97
0 51 96
28 33 26
62 2 3
57 46 5
9 27 95
40 19 39
11 52 70
1 58 47
70 46 13
43 29 57
98 43 70
93 17 7
12 29 80
55 53 70
21 28 20
77 75 18
31 17 71
20 34 40
7 41 89
60 44 87
85 57 11
71 60 63
69 59 52
84 76 29
56 66 35
39 30 68
25 72 94
87 46 9
15 17 68
68 45 15
13 65 55
18 4 63
0 8 91
14 95 41
92 56 50
6 24 21
58 41 62
20 87 94
58 65 43
82 71 95
62 74 20
56 59 76
46 68 81
53 48 66
56 9 29
25 78 15
49 86 42
9 22 38
51 29 28
19 53 11
68 31 55
96 46 74
47 20 8
87 81 77
82 99 68
94 22 5
18 94 54
94 51 64
72 13 64
46 12 58
56 54 78
32 57 35
39 7 90
53 77 86
25 11 40
25 62 3
62 12 1
60 76 90
30 86 66
87 42 75
4 64 78
49 54 77
74 31 78
72 54 87
91 79 40
26 91 12
24 42 75
30 60 25
78 76 73
26 23 15
46 95 53
0 39 28
88 34 28
15 47 45
98 14 71
72 63 87
72 42 77
17 39 39
96 36 8
83 47 6
19 37 65
17 20 42
76 21 44
94 88 50
14 46 99
94 77 69
59 19 40
60 63 84
77 3 62
75 67 44
70 61 35
33 37 14
36 91 21
61 22 3
39 12 11
31 28 76
82 39 69
17 48 1
59 94 86
54 6 56
41 32 58
59 40 22
84 63 11
10 26 96
6 4 41
56 6 31
18 10 5
53 47 25
52 3 14
7 33 4
47 84 77
27 30 12
25 71 74
53 1 98
43 4 28
7 12 61
69 28 59
70 63 7
51 1 93
24 72 80
57 49 88
92 9 86
13 96 1
45 85 43
4 70 95
31 80 26
45 86 34
92 80 49
63 17 85
15 3 3
26 21 39
57 78 100
7 63 40
63 78 96
0 25 34
13 62 22
48 93 1
34 21 54
86 46 7
8 57 85
80 68 18
12 14 39
44 35 42
73 95 7
41 73 57
23 78 76
75 34 43
98 23 3
7 52 5
7 49 24
73 47 81
6 14 32
31 89 46
83 72 69
67 46 60
91 95 92
55 12 12
31 38 7
32 96 39
5 86 87
0 93 99
24 35 96
40 65 84
56 63 1
1 63 88
58 63 48
11 46 90
78 42 25
73 37 91
21 77 20
58 23 20
44 96 16
5 50 86
58 44 57
30 92 38
93 13 4
0 1 69
34 72 84
12 10 90
58 67 2
21 86 28
92 37 5
14 64 33
69 98 55
86 66 18
53 21 21
19 2 9
98 58 83
11 64 78
37 16 76
16 53 64
38 39 21
72 60 100
38 47 31
56 46 23
52 58 62
9 76 11
39 45 100
54 9 4
5 68 84
45 46 55
71 49 63
58 37 81
96 14 96
41 75 53
16 1 69
97 51 98
70 90 42
68 17 98
94 24 29
74 70 96
98 11 32
34 49 5
97 74 88
29 45 80
28 0 29
94 43 35
65 42 3
44 79 92
34 36 1
70 51 70
16 73 40
32 18 82
16 83 64
5 59 57
35 5 81
95 7 34
4 56 22
23 83 2
98 96 15
97 41 2
56 76 49
35 51 71
58 66 93
40 55 26
57 79 46
58 77 55
23 60 99
37 64 94
2 37 9
76 18 74
70 69 44
24 21 15
69 86 65
39 64 40
89 67 9
81 48 65
94 29 93
17 80 98
69 5 84
19 23 96
7 91 13
62 42 99
37 45 40
46 33 92
48 11 62
62 76 98
85 66 39
11 4 42
26 83 96
92 70 10
25 36 72
98 2 20
65 99 26
40 53 23
40 62 46
48 84 92
34 35 35
52 16 6
35 14 62
51 89 55
65 74 43
17 79 69
96 70 66
70 49 66
41 31 81
16 67 19
53 7 85
48 9 62
2 40 46
40 1 46
82 34 64
46 89 33
15 32 35
96 99 1
99 41 92
42 55 87
82 80 68
83 1 77
65 89 71
80 48 22
3 8 18
14 65 51
52 5 43
30 5 68
75 74 8
68 19 75
8 54 72
51 27 5
75 4 8
86 26 18
67 82 95
42 86 91
71 18 63
60 96 22
13 97 32
86 99 13
27 15 81
69 94 79
97 83 4
80 54 76
62 44 23
92 40 62
68 83 93
44 81 93
15 30 47
40 60 38
97 70 85
80 35 52
6 20 28
21 66 90
91 57 39
2 32 64
48 96 76
17 89 61
58 78 85
8 27 49
26 36 81
16 26 92
46 19 69
38 73 88
21 63 100
10 76 35
18 89 96
51 25 51
29 20 29
72 4 10
62 29 100
88 1 22
76 7 11
8 40 4
61 28 97
81 98 19
79 88 38
64 45 51
47 51 22
69 11 93
36 24 95
9 1 98
50 88 51
19 17 16
97 69 40
38 40 55
62 20 67
73 84 46
3 71 24
64 2 70
13 79 91
41 76 90
68 59 25
47 92 38
59 29 15
17 59 54
13 95 21
26 27 49
75 38 66
53 97 23
72 48 11
50 89 2
1 68 26
54 40 32
75 86 47
69 53 89
86 80 56
34 4 66
5 76 31
0 60 22
82 38 17
4 87 92
70 95 91
53 36 54
11 90 57
67 47 79
99 91 86
57 45 19
51 19 75
98 47 59
3 14 31
70 76 53
4 95 43
15 25 86
64 62 95
67 25 15
32 51 78
19 79 11
16 36 58
24 47 60
61 86 68
59 6 80
54 17 22
29 74 40
34 64 63
18 52 7
49 53 18
28 72 17
73 22 76
72 89 5
5 10 51
62 18 76
37 81 95
79 31 66
53 85 70
7 6 80
9 6 13
47 85 83
44 11 98
69 50 81
4 80 62
4 66 11
19 43 37
92 76 36
4 13 13
43 74 25
44 36 95
57 18 44
88 71 4
32 37 41
3 98 28
79 22 78
24 70 43
34 10 21
11 59 42
95 97 62
61 25 35
36 39 60
16 75 31
28 1 53
28 14 81
0 26 37
13 28 73
65 32 47
80 88 93
54 82 9
70 60 90
98 39 90
38 93 74
66 70 76
88 12 22
47 27 10
43 15 35
47 79 11
2 94 82
76 43 57
64 60 15
11 55 14
16 43 95
94 5 73
44 16 45
42 74 96
18 85 26
81 43 39
34 26 58
49 3 89
92 7 96
81 42 20
37 57 19
93 67 34
40 71 74
65 26 6
80 96 48
76 95 56
75 76 73
90 58 65
65 98 72
54 51 41
5 26 32
40 95 59
80 51 62
70 41 49
43 42 33
50 92 16
81 83 63
30 64 16
21 20 1
94 45 50
46 44 37
77 92 42
20 39 30
61 8 20
89 63 46
37 21 45
16 34 99
87 79 87
82 68 19
79 5 81
93 57 60
9 99 72
48 19 98
39 15 36
86 93 55
79 24 92
30 34 47
57 94 27
54 89 48
34 33 26
61 75 11
83 39 74
78 55 33
33 59 36
37 13 57
49 39 57
54 53 78
20 15 75
33 83 98
12 97 1
33 11 58
7 2 67
72 38 76
59 4 32
81 39 17
20 0 88
75 66 95
87 29 95
23 8 39
80 33 24
48 29 85
97 33 85
93 50 29
59 48 7
84 70 20
30 20 72
27 39 1
45 33 13
41 60 75
15 4 68
36 83 74
0 4 69
91 28 9
95 85 49
13 1 27
91 65 76
34 65 17
24 41 25
76 30 1
10 41 82
96 33 20
24 71 54
95 23 50
49 59 74
97 8 28
17 88 27
92 61 84
39 56 42
12 84 34
52 2 95
49 45 99
90 61 90
33 4 83
75 17 83
95 29 53
10 86 61
64 76 26
9 16 38
92 63 34
60 43 84
24 44 92
19 77 11
20 90 50
12 45 62
18 15 34
57 9 98
2 71 72
52 78 84
62 82 42
41 44 16
80 45 24
75 81 74
62 98 39
94 11 22
88 95 47
98 89 20
38 5 39
91 38 74
46 17 46
8 11 62
67 37 45
47 63 80
26 60 21
5 45 58
85 15 77
77 15 2
68 89 79
45 82 63
93 46 32
24 91 52
29 42 90
95 56 82
14 4 66
97 9 4
25 6 88
77 64 96
36 13 24
8 42 16
45 30 36
1 49 72
55 95 40
70 86 44
47 35 33
95 74 18
30 28 61
94 13 35
21 82 51
89 14 80
89 64 88
3 54 71
18 79 35
94 87 31
76 39 71
30 53 18
15 88 31
26 81 52
57 88 39
15 95 74
62 16 92
4 26 78
32 47 16
96 8 24
76 17 53
40 23 22
53 11 10
33 93 1
2 73 10
77 87 39
14 13 83
97 63 64
80 77 69
56 70 35
77 81 80
47 36 46
98 34 46
30 73 63
72 68 63
83 53 62
98 18 24
66 90 86
41 80 73
76 16 67
98 27 31
99 61 20
11 14 15
57 67 19
72 0 68
74 60 44
34 91 71
44 23 38
85 83 2
49 5 30
32 45 58
8 88 99
86 22 50
58 13 80
81 14 37
65 78 88
44 95 41
31 61 54
51 16 96
87 3 20
96 66 32
88 11 70
23 70 100
26 43 83
80 81 77
50 66 2
48 57 67
49 30 48
82 86 8
61 91 5
39 37 20
74 53 57
50 95 6
98 60 36
23 13 37
83 87 33
75 56 12
85 1 31
40 63 65
82 60 5
73 63 25
80 25 63
73 83 65
39 26 20
64 28 58
37 23 33
48 13 61
59 61 61
96 7 95
55 29 36
23 10 25
8 84 60
67 23 36
25 27 86
76 89 29
91 89 36
89 99 74
11 58 49
58 73 53
47 2 82
6 89 9
87 66 27
95 37 17
10 82 40
41 59 20
21 56 65
87 32 41
54 47 70
10 7 84
70 36 28
50 80 83
85 93 83
97 72 12
37 85 96
87 10 60
11 32 21
86 19 66
20 94 60
86 3 80
29 28 13
90 44 90
58 92 71
90 40 77
57 74 95
85 4 69
21 49 23
10 17 50
0 19 70
34 51 29
39 80 50
78 28 18
76 35 10
39 55 37
52 47 95
26 40 31
94 52 4
22 38 81
49 80 33
3 23 30
98 77 66
56 45 30
8 13 81
62 52 8
28 74 95
63 2 43
45 17 92
8 1 10
90 69 99
31 51 19
77 20 7
4 32 1
41 0 91
16 33 36
61 53 45
91 82 58
95 80 11
0 24 49
93 84 53
25 31 100
20 55 90
13 22 58
55 96 5
40 13 74
95 11 72
67 65 91
84 85 30
7 30 7
73 53 45
74 96 76
18 43 73
95 35 32
72 66 87
27 92 17
54 86 61
70 14 11
93 35 5
28 67 41
34 17 65
13 47 42
29 17 45
82 63 57
20 26 10
80 1 74
17 4 91
21 81 15
85 43 71
51 99 6
8 98 99
72 45 7
66 6 70
44 80 74
45 73 51
24 58 9
6 39 71
76 67 7
8 4 47
20 53 29
80 90 1
42 25 35
96 78 41
96 51 70
49 37 47
66 24 24
49 11 44
56 7 17
45 9 47
59 96 15
72 30 3
63 20 97
73 67 42
66 12 3
52 74 31
57 84 32
13 51 45
88 30 38
55 71 46
81 95 100
0 82 90
57 43 85
65 35 36
72 3 79
88 86 82
98 22 13
22 7 52
95 51 25
78 12 49
78 31 80
2 92 41
52 98 44
94 48 89
11 39 16
62 72 48
23 14 5
2 29 70
46 15 21
81 99 97
75 96 37
16 90 82
88 26 40
22 62 65
75 71 8
59 76 32
95 47 11
26 18 98
21 22 80
23 0 11
87 37 49
79 89 28
37 70 96
38 81 63
99 56 14
70 85 87
76 97 83
76 98 25
69 21 9
36 55 12
25 54 45
22 70 6
26 96 62
38 84 57
2 86 59
39 16 72
12 49 63
90 19 38
67 90 98
11 89 94
61 1 4
75 52 63
0 11 92
28 15 95
47 99 12
15 19 23
58 6 79
28 59 96
63 57 66
2 84 84
35 62 79
39 51 64
74 84 79
29 64 1
60 15 4
0 79 18
61 13 63
54 19 41
89 59 16
21 39 87
98 44 29
15 61 27
79 54 87
27 18 29
16 46 94
53 34 22
48 5 18
71 58 36
33 10 56
61 33 55
95 24 30
56 52 69
80 76 86
96 15 14
50 3 34
20 52 100
23 64 61
99 25 100
27 66 77
55 46 90
86 97 51
86 64 76
68 94 98
35 63 65
28 27 16
24 14 43
77 28 78
48 83 70
2 14 86
52 85 58
37 66 19
61 89 22
88 19 15
30 58 51
16 6 41
11 68 88
99 57 67
81 4 39
82 24 78
66 30 45
71 21 34
52 91 50
59 13 84
74 76 24
18 39 42
96 56 70
86 87 97
75 87 20
8 25 70
49 85 4
19 91 8
91 12 58
60 78 68
95 5 66
22 58 97
81 22 66
19 70 96
66 42 64
10 59 23
78 14 28
71 53 71
12 75 66
10 61 21
34 45 32
92 28 57
43 13 88
94 64 56
38 23 87
42 57 22
62 23 90
36 7 80
20 32 43
53 99 21
48 61 87
62 87 96
27 5 93
57 47 47
51 18 77
93 22 4
38 70 94
1 36 56
36 17 86
64 56 67
43 24 18
61 12 3
86 12 50
53 9 59
12 80 81
28 32 44
91 98 23
91 90 33
44 13 9
61 44 46
7 29 20
91 70 71
94 96 97
65 25 51
99 21 65
87 26 56
62 97 45
55 75 10
57 21 62
59 65 32
41 37 28
35 26 91
72 53 67
62 69 53
30 78 10
44 6 4
36 71 28
53 50 38
2 31 7
37 6 31
91 50 18
10 91 74
0 56 91
60 33 88
86 96 92
57 80 92
45 38 9
64 0 69
23 1 73
91 48 13
67 44 77
78 86 34
55 41 31
49 83 93
37 28 13
60 1 26
7 89 49
16 68 86
6 32 2
62 37 2
63 39 33
68 34 99
75 82 73
15 98 87
26 53 84
18 14 29
28 3 91
26 85 83
4 77 56
73 72 47
31 18 69
63 29 91
36 30 76
39 34 87
7 26 64
18 42 7
55 43 44
3 83 4
62 39 86
9 3 35
51 43 13
12 71 14
79 82 91
63 26 33
79 98 37
48 2 91
36 43 92
23 18 15
7 87 41
70 11 83
50 49 67
1 94 81
3 6 39
93 24 59
74 20 54
93 20 39
32 54 45
90 98 51
62 68 58
6 53 58
21 35 54
96 39 53
74 21 39
82 42 61
49 20 12
44 52 76
2 39 87
45 52 27
42 20 27
54 29 24
63 77 12
72 67 91
21 61 31
39 65 30
65 75 83
96 40 44
90 65 91
66 13 2
96 63 89
10 72 95
6 47 82
90 95 41
57 87 23
94 76 5
67 92 53
23 79 100
13 39 21
52 37 17
41 69 72
47 34 95
23 59 96
29 6 94
90 7 89
53 90 97
91 2 17
41 53 68
85 78 51
72 59 87
11 78 65
68 97 24
22 2 51
84 35 66
36 56 48
30 24 58
68 91 42
19 14 57
90 26 11
10 22 36
82 32 90
87 17 49
79 96 52
20 71 13
24 67 32
11 97 93
59 88 81
73 39 70
59 60 79
67 53 31
69 61 78
47 17 95
41 91 85
93 31 61
84 4 49
16 89 94
88 70 42
24 80 40
23 61 65
91 69 91
18 96 42
69 4 81
58 83 99
74 78 22
52 1 38
78 24 23
49 6 75
1 37 59
18 61 18
83 70 41
51 44 49
71 6 32
44 48 82
54 45 38
24 48 52
38 13 93
37 80 87
73 78 30
65 79 47
1 92 12
21 65 66
85 14 76
17 6 82
74 92 7
43 59 19
48 73 9
33 86 75
92 29 85
69 19 19
56 12 38
74 88 73
76 14 37
43 70 78
72 64 4
32 88 50
55 87 44
65 45 20
78 5 48
47 3 18
10 44 39
67 45 70
62 92 69
95 92 98
93 64 69
1 10 4
81 15 19
3 58 84
84 92 52
81 18 38
25 70 95
33 63 55
45 88 77
71 57 17
95 2 76
67 63 13
60 85 90
30 11 37
31 24 23
77 90 87
21 97 88
79 50 6
86 85 40
27 90 48
55 62 90
31 42 14
41 49 55
97 48 22
57 69 64
29 93 27
83 0 88
12 90 7
11 6 73
86 6 21
41 47 8
17 12 81
78 46 75
15 57 11
8 30 8
94 28 56
92 71 88
9 20 5
69 15 92
82 28 74
24 61 84
89 35 18
56 91 18
28 60 31
27 74 84
37 97 88
94 3 21
40 89 53
90 29 13
75 35 39
38 25 20
74 44 38
77 16 69
12 21 9
6 2 63
51 11 22
44 77 35
51 84 9
33 90 4
2 5 20
13 25 12
25 26 51
73 26 6
8 22 47
51 67 18
24 34 90
55 49 49
39 41 36
18 35 7
99 71 63
35 32 5
7 72 74
71 27 95
91 53 82
44 65 7
47 69 7
99 23 68
3 48 41
51 82 93
84 60 68
61 14 35
54 74 82
58 25 83
7 77 26
80 84 15
18 93 63
5 53 47
77 9 37
34 38 1
79 2 84
19 44 54
89 88 30
72 75 21
16 54 33
6 43 78
36 67 56
15 89 10
33 23 31
17 73 38
98 97 46
82 70 39
54 34 73
3 45 20
72 14 68
83 92 41
43 95 76
84 64 79
27 61 53
20 51 34
8 55 27
29 25 47
51 46 74
52 82 55
88 73 10
76 13 61
37 74 52
36 78 70
40 9 70
80 89 62
5 93 19
19 62 43
25 16 32
72 29 96
2 8 66
61 96 39
20 70 54
1 35 11
72 44 87
63 53 66
52 63 31
19 50 23
12 96 49
31 99 17
60 24 9
48 64 51
27 93 24
48 88 6
9 50 95
10 62 77
72 86 73
55 74 58
26 42 30
11 71 20
77 30 52
24 38 3
45 41 50
38 60 80
15 79 97
44 9 29
46 64 16
2 81 23
79 25 27
43 39 62
76 54 96
61 20 27
95 79 56
59 53 48
20 22 50
38 19 58
62 71 3
43 44 70
3 85 36
90 68 67
47 39 41
56 89 96
39 22 64
32 19 76
27 10 21
76 83 48
8 38 81
34 60 9
99 59 63
54 65 4
40 36 66
84 19 79
92 45 40
71 46 12
41 66 86
79 4 48
3 41 41
1 12 51
7 66 65
56 97 23
61 50 34
70 64 57
49 15 1
88 44 38
27 60 11
30 91 78
84 33 49
47 12 2
75 60 64
88 16 40
90 23 40
95 20 40
99 5 16
65 17 40
69 18 39
8 80 25
12 8 30
71 73 13
44 7 6
62 24 71
26 13 55
55 94 76
28 26 14
57 19 23
78 6 93
14 66 25
15 14 39
8 28 33
85 40 44
4 16 82
0 80 80
71 65 60
1 14 51
89 82 95
32 99 22
91 16 43
95 41 57
57 34 17
15 63 13
26 31 29
27 62 94
39 86 100
29 77 37
22 76 97
37 14 93
42 59 48
55 47 38
10 89 82
8 82 5
67 1 4
40 4 90
84 10 37
75 10 83
21 58 38
57 75 23
77 1 13
36 54 63
37 68 26
2 82 52
68 12 74
67 40 75
43 75 11
17 53 63
91 8 73
16 82 46
31 83 7
37 76 38
24 7 68
50 73 61
63 9 44
36 74 63
85 69 93
89 57 97
26 24 8
34 93 76
41 6 37
97 29 32
43 12 98
69 51 67
96 27 67
27 45 53
64 52 75
13 16 98
10 13 17
8 63 65
74 19 88
59 83 36
49 26 89
2 97 60
59 90 66
32 25 22
59 92 40
33 41 67
97 71 53
98 45 24
91 13 2
73 54 93
7 45 90
18 34 15
50 63 98
85 51 42
69 64 9
12 76 38
41 12 14
61 60 73
12 98 11
73 68 8
82 22 56
17 27 20
76 85 34
73 61 92
63 31 36
20 86 54
22 42 43
21 46 48
26 64 23
31 77 47
40 83 59
16 95 82
94 15 89
46 74 76
99 8 18
30 67 7
99 1 60
52 27 30
80 43 82
35 99 37
53 68 34
25 96 5
61 68 21
92 10 73
95 39 42
55 27 88
70 47 85
81 85 35
6 77 2
81 72 35
55 48 22
0 49 62
70 35 15
88 82 24
40 30 98
17 9 38
32 69 58
88 60 64
90 60 26
40 93 34
0 91 54
47 9 17
41 72 93
71 34 50
12 74 24
63 76 98
11 54 83
9 24 84
30 94 20
74 91 56
49 63 86
92 36 3
60 58 48
36 32 19
25 94 74
79 85 10
90 81 36
55 73 72
11 67 67
6 22 85
7 3 73
50 67 6
35 66 31
61 36 90
59 39 39
52 61 48
19 82 45
95 89 58
40 68 77
41 61 76
46 62 64
92 43 80
1 47 32
75 91 39
23 5 34
29 83 70
8 93 36
42 5 9
12 37 1
55 19 63
71 80 51
30 10 36
23 22 78
12 35 28
54 5 43
70 94 45
45 74 89
19 8 75
51 53 23
32 43 19
58 38 97
8 26 13
36 28 45
68 88 3
89 73 22
59 50 82
28 47 10
9 88 10
54 78 42
81 96 18
92 82 76
21 92 77
45 23 84
43 27 56
3 11 31
37 10 65
99 50 48
38 11 96
17 7 83
78 41 50
40 14 14
46 2 58
41 63 49
54 87 34
20 11 68
63 12 5
19 45 19
15 50 87
71 98 18
24 40 20
52 34 99
63 65 17
5 32 2
91 64 62
20 60 92
3 84 20
50 76 45
11 76 25
8 9 40
19 52 57
97 57 27
32 26 87
2 0 19
16 20 99
76 6 40
80 7 85
9 85 52
27 50 91
99 3 50
82 90 49
79 78 56
71 28 58
70 93 39
2 4 83
61 40 37
19 29 84
86 84 36
15 91 35
78 61 87
27 1 11
20 37 73
20 56 71
41 62 59
54 98 14
53 84 14
75 5 1
69 77 80
34 7 16
46 23 53
97 1 14
54 69 66
79 46 88
44 17 57
55 79 30
90 94 24
23 43 51
17 56 70
28 90 75
74 35 9
9 19 9
32 90 97
73 82 38
83 67 23
87 35 52
20 38 65
29 57 83
76 65 44
20 82 95
76 24 1
6 97 31
88 84 56
4 74 54
92 5 21
26 97 63
87 93 53
55 63 98
36 9 91
75 9 21
45 8 18
67 3 4
78 92 44
35 85 94
38 10 16
99 10 88
48 46 53
9 98 27
28 76 58
97 66 48
65 80 60
5 24 92
60 52 28
83 86 75
66 98 4
7 46 65
18 84 47
95 22 83
77 83 35
95 84 43
68 7 88
18 41 54
48 62 4
38 44 96
33 81 45
82 83 9
70 2 91
20 48 2
66 20 80
16 30 20
71 35 58
24 28 9
77 22 57
40 66 27
93 95 95
9 35 17
63 44 47
40 76 84
90 79 36
69 29 46
88 29 39
40 81 62
21 85 15
44 91 93
18 92 93
41 84 100
54 71 84
94 97 72
39 69 34
15 55 68
69 52 14
10 19 25
99 39 27
1 69 80
93 90 36
35 49 94
11 18 29
33 9 32
74 10 80
49 9 82
56 29 77
36 68 46
64 35 30
93 52 60
52 42 80
84 94 31
50 32 39
89 26 100
54 58 32
22 46 8
36 33 25
25 21 6
3 0 39
96 0 87
69 82 6
66 82 85
44 20 24
50 90 4
16 81 72
1 38 26
5 82 86
53 0 92
23 30 44
93 61 19
16 84 22
7 81 13
3 21 89
23 81 74
79 70 33
63 0 55
91 62 89
82 6 33
24 10 82
28 51 49
87 53 28
0 97 54
18 53 22
21 87 67
77 41 9
34 13 32
46 13 66
74 63 100
9 41 22
83 99 36
73 6 96
17 43 22
7 78 6
83 90 35
32 40 49
85 48 20
66 52 39
22 12 34
80 42 91
97 15 58
63 61 37
81 64 83
76 93 70
46 94 41
75 78 14
7 27 65
1 2 54
58 14 29
50 84 97
15 23 16
81 11 66
51 9 90
67 41 23
66 59 98
57 14 74
44 8 4
42 56 47
54 90 89
60 32 73
77 26 98
43 2 84
59 18 93
90 17 31
25 24 9
83 54 14
63 11 74
32 24 89
33 51 97
73 62 4
65 7 85
44 29 81
61 57 62
57 70 82
0 71 73
8 39 6
83 24 99
39 19 52
98 55 5
30 68 96
94 73 79
34 43 14
65 97 47
65 88 77
35 78 85
92 54 56
65 84 77
13 50 42
23 85 98
39 71 51
7 32 13
34 2 69
42 75 15
91 59 24
25 4 15
49 40 93
84 28 67
4 7 31
29 85 33
90 6 27
13 17 57
36 62 46
79 26 33
20 40 5
75 31 51
69 10 16
65 92 33
42 1 49
49 82 72
0 70 92
6 74 35
34 48 48
31 56 93
64 99 99
96 89 44
65 87 78
5 1 57
98 1 19
29 75 100
37 36 37
96 1 99
46 63 64
31 37 13
33 49 92
58 72 88
29 24 84
96 3 76
39 40 71
72 46 12
57 11 45
70 8 61
16 45 87
22 84 52
40 56 14
41 93 53
27 58 24
59 86 57
40 78 60
69 2 39
3 2 58
50 26 28
96 19 53
18 82 43
77 54 37
27 33 4
98 68 28
20 41 72
29 14 25
92 20 76
13 63 57
38 74 12
34 73 9
2 67 33
15 65 16
33 87 68
76 32 78
43 5 9
60 54 25
40 64 23
56 30 87
13 41 46
86 51 78
87 85 65
96 22 90
68 23 93
85 88 22
42 68 87
57 58 53
77 38 96
60 6 6
50 86 67
25 30 24
51 76 94
99 7 41
59 62 27
42 91 15
10 68 39
24 59 9
37 71 59
22 5 2
69 55 46
57 50 51
43 33 78
83 46 22
82 43 19
9 70 19
70 13 49
46 98 29
15 53 54
73 44 34
92 34 67
8 65 71
87 18 17
14 88 26
54 66 68
4 1 81
49 65 91
49 32 30
33 24 43
13 86 10
34 83 75
65 36 41
99 46 64
10 88 12
61 34 92
47 31 40
74 64 75
12 58 23
50 64 28
23 88 35
53 8 62
1 76 54
12 69 29
49 89 95
79 41 75
51 68 56
63 83 46
94 14 20
2 80 45
91 96 66
19 56 47
11 19 51
69 14 15
51 4 9
88 0 32
18 83 83
72 12 31
1 89 54
42 63 39
70 15 97
76 47 69
51 5 56
87 44 91
15 26 100
6 94 93
9 65 25
68 93 55
18 37 19
22 87 100
3 56 81
30 96 93
97 90 39
51 17 1
27 0 83
91 37 75
78 34 39
13 6 12
41 16 56
11 65 35
64 10 87
36 38 23
32 63 88
57 52 95
53 64 27
44 64 17
32 73 35
84 97 54
17 33 54
48 25 38
3 39 8
14 93 83
32 52 72
28 75 5
7 85 72
83 25 74
56 90 50
57 39 92
93 58 39
82 31 16
44 68 5
30 89 92
59 30 89
61 66 44
30 99 10
59 58 82
94 95 9
75 44 89
32 13 73
13 78 79
8 74 94
6 28 23
61 74 39
96 45 96
17 42 97
78 68 29
