896 1000
881 459 84
459 723 55
881 211 2
459 482 38
723 408 48
408 48 52
459 581 70
482 472 39
48 318 51
318 214 46
408 76 44
76 860 72
881 397 46
318 477 84
860 49 74
881 270 72
408 63 64
723 347 31
270 252 86
270 327 76
482 479 51
48 643 14
723 418 83
418 887 28
418 580 90
881 70 78
211 115 99
881 891 30
397 201 40
214 595 53
581 553 63
482 735 31
482 434 49
553 273 24
723 52 54
397 563 52
887 515 41
347 460 69
891 682 10
643 455 12
49 845 83
595 525 73
397 753 6
455 80 22
887 78 45
318 229 35
682 219 84
477 4 76
723 223 2
48 710 13
515 831 70
580 836 46
553 729 31
525 851 16
78 163 39
418 423 1
408 180 54
48 755 11
581 510 39
643 800 17
851 339 18
881 764 28
223 426 65
729 663 74
80 775 53
735 680 63
219 187 26
78 428 92
423 569 77
219 226 56
710 73 79
851 380 78
595 430 45
78 705 91
418 308 20
211 508 63
508 302 82
479 639 99
510 192 68
705 222 94
408 825 17
563 103 46
163 221 48
318 475 21
800 324 89
214 867 92
187 763 18
887 880 58
836 740 6
836 332 40
223 832 81
515 153 88
563 401 63
76 101 80
705 650 10
48 864 24
76 726 96
4 815 96
222 619 74
180 348 58
327 383 38
831 24 70
339 711 42
348 386 2
327 131 23
401 704 26
52 590 87
192 38 98
851 294 99
800 32 81
775 802 76
153 646 32
880 195 72
187 745 41
800 730 2
479 827 82
730 141 11
663 137 91
418 611 3
101 464 100
680 534 43
221 696 70
475 246 6
867 138 44
864 301 85
460 656 35
386 579 3
704 535 72
70 181 9
864 266 78
595 329 100
76 162 6
131 622 60
510 620 66
137 586 61
800 530 67
851 750 33
851 638 51
534 135 19
80 713 84
710 167 64
836 340 35
455 452 40
408 870 14
426 513 58
38 265 3
226 254 42
713 157 51
586 134 85
611 698 8
302 849 83
643 742 11
620 602 51
383 500 76
138 809 60
455 856 74
750 879 74
508 706 42
137 198 73
229 660 39
80 35 54
735 466 49
851 409 51
48 562 7
426 220 77
380 542 6
163 346 41
138 838 81
273 143 19
755 277 23
838 679 82
753 568 20
131 188 57
477 578 71
881 776 51
534 635 34
682 699 3
35 112 33
832 139 4
726 878 93
181 781 22
590 148 30
750 84 14
620 574 6
346 606 85
622 693 41
63 717 4
229 817 13
221 468 67
856 295 97
750 110 50
879 828 33
84 210 49
78 457 49
510 356 94
568 476 74
800 495 50
386 487 99
620 359 67
563 654 1
646 810 75
397 399 94
832 213 11
399 264 10
513 370 72
656 106 99
226 59 53
622 779 24
580 655 85
229 632 68
563 113 6
729 854 14
535 194 96
696 268 99
742 624 60
802 86 86
430 235 75
781 40 9
397 424 30
809 357 12
611 88 85
214 895 79
180 218 96
139 108 25
581 14 55
459 280 47
40 649 27
781 127 15
620 749 56
879 799 59
222 462 66
632 573 58
59 151 85
717 377 5
399 453 57
508 670 40
401 206 51
220 589 56
270 333 10
779 282 78
430 422 2
729 149 54
235 850 16
377 502 42
562 843 46
838 588 44
59 400 43
430 805 65
639 566 41
466 74 95
849 741 2
566 685 10
775 208 39
620 402 62
301 390 7
693 839 1
457 761 40
843 653 3
502 612 9
656 517 34
308 545 32
459 236 33
579 488 15
294 507 22
515 480 82
211 9 50
854 244 63
192 651 47
711 325 54
870 823 1
194 207 38
235 394 67
845 412 3
802 281 37
273 893 38
220 175 40
268 471 89
579 700 17
612 350 6
649 848 32
138 5 5
624 596 58
192 672 77
606 54 64
827 336 52
399 718 75
700 631 15
566 16 53
113 527 100
246 416 59
745 243 3
620 435 5
201 554 85
24 835 93
839 69 26
408 0 10
527 837 45
74 362 19
181 884 18
742 552 72
817 320 1
302 623 47
580 170 93
208 875 57
710 45 5
32 541 94
649 3 77
835 58 55
588 688 69
220 323 38
562 338 22
718 478 25
698 626 99
435 789 35
741 724 95
508 64 32
377 122 64
323 388 32
574 293 42
301 609 28
573 306 36
854 708 56
588 669 74
45 572 59
527 11 39
699 367 2
823 245 30
409 615 15
390 436 79
221 668 60
409 172 11
699 364 69
9 274 6
274 177 52
726 739 35
611 658 100
611 559 28
151 489 12
412 371 35
153 687 52
635 260 98
513 164 40
424 722 6
408 152 29
825 544 44
364 731 95
390 417 79
346 373 55
658 657 88
895 869 9
356 628 87
339 363 21
699 516 34
188 571 1
274 883 44
3 313 37
280 421 23
367 607 22
364 666 81
848 540 36
646 99 52
138 447 59
540 601 55
347 798 2
235 343 22
823 690 22
162 801 67
187 664 16
52 795 96
489 797 77
516 77 73
457 674 97
229 760 24
78 543 22
347 50 8
402 852 69
333 369 13
839 872 46
615 547 55
418 736 15
669 240 44
482 257 32
464 262 28
872 494 72
800 549 29
745 858 20
626 238 57
867 894 32
508 503 51
578 640 84
412 785 38
870 604 68
211 413 70
620 665 46
339 173 78
472 701 54
201 840 32
690 269 19
5 91 70
402 79 43
668 311 87
879 824 78
24 360 17
69 637 45
115 341 83
543 642 31
724 587 18
390 326 19
513 310 40
394 689 60
238 555 61
59 756 71
541 634 58
500 289 3
162 546 47
426 83 60
574 351 53
742 395 42
151 209 74
887 582 4
430 806 89
180 766 8
858 53 44
402 518 32
280 165 28
53 279 31
340 419 44
679 67 10
373 683 18
58 178 12
343 686 18
462 411 3
574 787 97
689 610 56
318 747 47
221 186 84
289 420 4
380 19 87
54 51 73
634 215 77
839 647 25
555 171 35
223 85 52
494 520 66
412 608 45
801 560 15
308 790 12
634 811 52
277 21 81
148 467 77
380 406 8
63 358 47
336 150 12
664 719 30
45 592 23
477 819 42
649 438 85
810 746 58
696 603 36
413 104 15
418 29 59
482 846 54
141 865 40
332 372 23
860 783 20
787 90 34
310 613 43
475 212 41
103 855 65
520 675 11
884 793 77
373 429 4
542 314 72
860 89 62
742 382 2
421 334 59
546 450 38
718 483 50
632 284 50
587 287 97
639 551 74
573 196 37
726 454 24
110 594 17
103 564 38
590 648 13
45 497 64
542 778 44
388 374 60
194 132 13
717 234 74
24 55 18
657 890 71
500 315 28
517 39 22
338 414 39
693 863 33
380 203 86
851 720 90
308 179 98
588 200 73
823 676 84
74 82 48
334 124 66
562 773 35
699 94 23
554 33 36
852 505 45
639 44 87
525 354 18
541 120 85
14 709 9
729 439 39
741 331 67
329 140 48
582 847 79
54 361 39
67 204 43
569 752 3
608 448 45
828 853 57
638 557 49
289 125 53
76 71 87
604 381 74
419 678 32
210 205 95
192 37 65
198 275 23
510 533 99
78 524 52
533 145 6
648 227 42
140 119 25
452 121 32
280 25 16
724 786 25
175 57 96
80 617 4
235 684 94
294 818 65
371 469 16
464 784 42
453 874 43
122 102 66
696 591 58
736 765 76
336 857 100
35 446 30
806 344 78
477 859 66
555 792 23
91 425 58
488 239 92
356 567 55
643 501 46
215 250 21
471 328 37
192 694 15
601 342 8
244 288 6
543 12 57
295 499 76
709 491 37
274 882 79
52 184 83
348 60 65
438 892 69
153 46 36
360 748 58
781 278 26
750 81 40
660 304 81
699 771 95
686 539 89
540 392 30
51 13 88
246 814 49
534 322 69
418 732 81
648 511 51
163 443 53
610 26 55
557 255 48
730 263 3
719 433 34
29 531 59
196 231 89
402 193 22
332 876 60
540 788 73
89 445 44
86 671 7
654 2 83
245 625 95
477 728 51
322 808 36
416 597 13
663 521 63
373 833 54
825 375 18
151 129 95
262 109 22
339 276 49
798 432 57
640 442 99
350 645 18
103 830 63
157 68 73
819 117 1
878 695 15
892 743 45
708 715 6
752 355 23
764 707 38
119 692 57
401 242 9
784 873 61
342 155 46
139 189 6
239 166 67
814 66 51
204 405 37
447 404 78
779 758 13
814 481 53
878 248 62
308 498 63
604 290 38
446 550 6
341 111 72
750 868 13
809 577 21
560 398 21
442 15 64
77 652 14
177 504 35
660 384 57
77 216 63
315 6 11
831 427 88
542 565 92
785 345 66
255 662 69
837 118 30
637 309 43
186 259 92
323 714 71
857 661 87
500 297 78
875 271 52
14 378 44
119 299 67
66 144 24
188 126 12
764 532 28
626 519 78
656 312 65
765 737 2
76 95 80
746 770 25
66 506 77
792 249 85
205 335 60
439 641 1
779 8 87
11 160 68
395 72 30
167 330 79
518 725 73
649 774 69
235 584 17
806 465 8
793 305 80
231 754 12
362 130 10
491 217 12
277 391 49
217 538 66
112 885 47
257 247 79
312 600 58
79 618 67
508 283 51
135 291 100
204 456 23
341 697 23
157 116 15
455 437 57
715 529 41
162 629 35
776 133 93
213 782 56
501 146 75
626 353 97
882 636 12
506 820 21
141 485 54
687 861 3
653 575 31
243 812 22
412 493 83
198 296 43
166 292 40
506 548 38
846 182 20
763 156 98
222 96 57
845 523 8
664 168 75
429 128 98
658 199 21
335 183 89
257 794 63
704 31 18
879 56 73
754 703 78
828 303 29
11 461 87
704 337 13
756 230 83
505 20 86
292 877 76
416 470 88
239 738 64
279 583 64
239 389 70
20 286 43
831 272 65
382 677 86
546 822 74
527 23 54
227 841 50
483 107 76
713 734 22
799 733 26
53 169 74
839 484 11
648 136 63
729 142 22
371 769 82
330 449 46
153 866 40
685 614 6
685 190 85
118 65 64
678 667 46
421 407 48
308 593 29
229 366 50
53 512 96
695 757 71
534 458 44
160 396 7
351 61 25
386 659 62
893 576 57
611 509 60
21 681 88
227 871 34
263 673 27
188 496 20
280 285 34
113 403 5
382 829 95
708 599 88
264 570 69
811 862 72
246 1 69
885 889 30
478 441 81
270 431 51
710 365 36
607 844 30
656 804 95
574 486 69
529 605 64
200 123 16
94 777 28
13 490 100
518 721 42
704 267 25
242 826 37
80 28 80
464 43 2
567 444 97
337 561 37
653 22 98
624 393 6
141 780 79
13 258 21
29 387 63
747 537 11
435 585 37
293 598 98
595 522 20
856 224 6
517 768 48
201 251 2
168 98 74
308 62 66
573 34 53
257 727 84
78 47 41
62 633 77
477 716 76
181 528 68
690 105 76
312 176 9
632 385 27
395 10 64
680 97 78
425 712 80
421 241 50
447 100 21
320 185 38
185 886 55
740 440 4
802 317 4
498 514 49
148 191 9
597 159 96
374 41 8
476 352 50
411 174 6
437 36 2
437 307 34
23 536 59
263 379 87
326 474 16
323 834 56
832 87 31
71 451 62
285 526 45
685 691 55
665 627 35
783 158 78
24 75 78
448 556 46
581 27 4
617 415 21
568 796 28
177 233 87
513 321 85
793 807 60
152 202 36
429 772 85
674 842 61
512 702 48
835 492 76
191 410 75
129 319 62
200 154 10
497 813 29
306 42 6
279 816 72
511 17 36
250 803 34
149 630 84
525 228 89
179 767 34
235 147 8
890 558 66
617 644 64
861 93 52
307 744 99
306 256 5
332 30 59
179 621 70
533 197 62
63 18 12
735 616 43
736 473 37
171 300 4
559 751 78
34 253 80
180 7 3
777 376 54
607 92 27
139 316 49
177 261 96
588 225 42
362 888 23
654 791 52
499 298 85
673 237 87
237 114 80
564 161 41
472 759 1
90 821 81
699 349 48
139 232 19
811 368 44
307 463 90
501 762 43
636 236 32
143 558 77
309 512 44
412 357 86
239 749 6
748 523 27
92 762 88
579 379 32
848 664 1
142 303 77
96 415 98
849 66 15
690 91 33
58 733 16
724 85 64
446 599 50
862 551 47
889 673 26
465 828 40
338 565 6
232 580 3
285 176 92
158 251 78
541 36 38
827 133 51
813 31 28
55 385 62
72 536 11
477 848 18
37 80 76
30 535 54
594 261 33
44 331 82
166 533 58
728 753 10
124 377 18
362 624 21
340 812 16
224 884 88
855 125 31
656 226 100
752 763 11
737 429 57
729 469 34
611 387 34
555 773 33
538 397 89
604 69 97
276 624 61
1 65 59
574 441 82
657 745 41
470 215 29
519 831 56
827 507 51
709 555 22
643 425 7
768 221 53
401 140 58
489 244 52
285 856 13
58 820 72
618 553 6
476 61 27
4 48 24
389 649 77
69 102 49
583 633 38
862 177 16
163 161 31
67 748 47
171 114 73
552 894 60
16 615 26
830 853 53
67 199 98
539 409 72
342 564 48
794 518 18
514 404 13
156 133 54
472 57 71
588 334 3
132 72 85
543 859 79
855 85 21
577 462 70
237 102 75
358 612 98
622 518 74
58 170 67
319 843 51
811 46 70
622 39 47
653 163 1
681 801 12
666 23 42
749 431 88
742 731 75
76 839 36
643 91 100
567 453 29
295 845 12
546 230 25
72 83 10
