7 
46 0.0006170000 0.0006530000 0.0006240000 0.0005850000 0.0005790000 0.0006760000 0.0006440000 
96 0.0006880000 0.0007560000 0.0006550000 0.0006570000 0.0006650000 0.0007530000 0.0006790000 
146 0.0007690000 0.0007800000 0.0007350000 0.0007360000 0.0007820000 0.0007340000 0.0007390000 
196 0.0008410000 0.0007940000 0.0008360000 0.0008720000 0.0007970000 0.0008220000 0.0008140000 
246 0.0008590000 0.0008720000 0.0009680000 0.0009140000 0.0008770000 0.0008790000 0.0009050000 
296 0.0010060000 0.0010070000 0.0011010000 0.0010120000 0.0010420000 0.0011740000 0.0010470000 
346 0.0010530000 0.0010410000 0.0011760000 0.0011050000 0.0010620000 0.0010210000 0.0011920000 
396 0.0011070000 0.0010870000 0.0013230000 0.0010860000 0.0011130000 0.0011280000 0.0011080000 
446 0.0011860000 0.0012260000 0.0011800000 0.0011910000 0.0013610000 0.0012060000 0.0011420000 
496 0.0012410000 0.0012320000 0.0013010000 0.0012530000 0.0014350000 0.0012340000 0.0012200000 
546 0.0013510000 0.0013980000 0.0013590000 0.0015450000 0.0013650000 0.0013410000 0.0013860000 
596 0.0015510000 0.0014490000 0.0014620000 0.0014070000 0.0014260000 0.0014140000 0.0014470000 
646 0.0014790000 0.0014450000 0.0014670000 0.0015000000 0.0014640000 0.0014920000 0.0014630000 
696 0.0015550000 0.0015380000 0.0015430000 0.0015020000 0.0015210000 0.0015490000 0.0015100000 
746 0.0015870000 0.0016080000 0.0016180000 0.0016390000 0.0016420000 0.0016250000 0.0018540000 
796 0.0016690000 0.0016140000 0.0016470000 0.0016650000 0.0017080000 0.0016440000 0.0017090000 
846 0.0016920000 0.0017100000 0.0017720000 0.0019020000 0.0017220000 0.0017500000 0.0016770000 
896 0.0017370000 0.0017740000 0.0017370000 0.0017520000 0.0017630000 0.0017600000 0.0017770000 
946 0.0017940000 0.0020230000 0.0018080000 0.0017950000 0.0017980000 0.0018070000 0.0018560000 
996 0.0018650000 0.0018310000 0.0018380000 0.0018810000 0.0018640000 0.0021300000 0.0018500000 
