7 
2 0.0252700000 0.0254140000 0.0243250000 0.0248600000 0.0252450000 0.0258850000 0.0254380000 
152 0.0263380000 0.0253770000 0.0251690000 0.0251120000 0.0256060000 0.0256950000 0.0254180000 
302 0.0259550000 0.0257330000 0.0250830000 0.0248530000 0.0251170000 0.0262710000 0.0256600000 
452 0.0259010000 0.0257860000 0.0254390000 0.0260340000 0.0259230000 0.0257340000 0.0256140000 
602 0.0262640000 0.0263420000 0.0250220000 0.0255970000 0.0253220000 0.0260680000 0.0257470000 
752 0.0265780000 0.0257990000 0.0258920000 0.0257530000 0.0260910000 0.0260470000 0.0259590000 
902 0.0266460000 0.0260370000 0.0262500000 0.0279610000 0.0263390000 0.0258370000 0.0254000000 
1052 0.0261680000 0.0254090000 0.0261050000 0.0255680000 0.0262290000 0.0260460000 0.0267510000 
1202 0.0262810000 0.0261040000 0.0259780000 0.0263590000 0.0262530000 0.0260540000 0.0263770000 
1352 0.0262980000 0.0270500000 0.0261680000 0.0262130000 0.0259770000 0.0267360000 0.0260950000 
1502 0.0267060000 0.0262790000 0.0254270000 0.0252640000 0.0257960000 0.0263570000 0.0262150000 
1652 0.0262770000 0.0260630000 0.0269750000 0.0267120000 0.0263070000 0.0260370000 0.0261400000 
1802 0.0267470000 0.0269670000 0.0266310000 0.0263800000 0.0264030000 0.0265160000 0.0263250000 
1952 0.0265020000 0.0266660000 0.0270310000 0.0255830000 0.0267420000 0.0255650000 0.0253290000 
2102 0.0253970000 0.0262330000 0.0263780000 0.0262040000 0.0260290000 0.0267820000 0.0261210000 
2252 0.0262950000 0.0263460000 0.0263210000 0.0263020000 0.0264380000 0.0262940000 0.0266010000 
2402 0.0272210000 0.0266130000 0.0263190000 0.0272110000 0.0265130000 0.0261260000 0.0267690000 
